189,1,504.00,216.00,606.00,534.00,0.5854,1,-1,-1
191,1,417.00,165.00,693.00,606.00,0.6085,1,-1,-1
194,1,276.00,174.00,822.00,624.00,0.8697,1,-1,-1
195,1,258.00,186.00,831.00,606.00,0.8380,1,-1,-1
196,1,246.00,195.00,846.00,603.00,0.8330,1,-1,-1
198,1,243.00,210.00,846.00,603.00,0.8577,1,-1,-1
199,1,234.00,216.00,855.00,600.00,0.8375,1,-1,-1
200,1,228.00,225.00,852.00,591.00,0.8577,1,-1,-1
201,1,222.00,186.00,852.00,636.00,0.8777,1,-1,-1
202,1,225.00,213.00,807.00,615.00,0.8668,1,-1,-1
203,1,225.00,213.00,807.00,615.00,0.8673,1,-1,-1
204,1,219.00,231.00,765.00,600.00,0.8449,1,-1,-1
205,1,216.00,222.00,723.00,612.00,0.6387,1,-1,-1
208,1,192.00,252.00,876.00,573.00,0.7980,1,-1,-1
209,1,189.00,255.00,879.00,570.00,0.7988,1,-1,-1
212,1,165.00,168.00,888.00,666.00,0.8689,1,-1,-1
213,1,156.00,165.00,888.00,648.00,0.8804,1,-1,-1
214,1,150.00,165.00,885.00,639.00,0.8678,1,-1,-1
215,1,147.00,165.00,888.00,639.00,0.8657,1,-1,-1
216,1,147.00,162.00,882.00,636.00,0.8702,1,-1,-1
218,1,126.00,186.00,894.00,609.00,0.8177,1,-1,-1
223,1,195.00,165.00,810.00,657.00,0.8782,1,-1,-1
226,1,87.00,159.00,876.00,666.00,0.8923,1,-1,-1
227,1,87.00,159.00,876.00,666.00,0.8922,1,-1,-1
228,1,90.00,159.00,909.00,672.00,0.8537,1,-1,-1
229,1,93.00,165.00,909.00,675.00,0.9009,1,-1,-1
230,1,96.00,198.00,921.00,639.00,0.8882,1,-1,-1
231,1,102.00,207.00,912.00,633.00,0.8526,1,-1,-1
238,1,129.00,156.00,942.00,711.00,0.7710,1,-1,-1
241,1,138.00,126.00,939.00,729.00,0.8692,1,-1,-1
242,1,138.00,111.00,939.00,738.00,0.8930,1,-1,-1
243,1,135.00,102.00,945.00,741.00,0.8979,1,-1,-1
244,1,138.00,102.00,942.00,741.00,0.8570,1,-1,-1
245,1,138.00,102.00,942.00,741.00,0.8572,1,-1,-1
246,1,132.00,102.00,948.00,753.00,0.8652,1,-1,-1
249,1,159.00,111.00,927.00,738.00,0.8464,1,-1,-1
250,1,132.00,108.00,960.00,744.00,0.8764,1,-1,-1
251,1,132.00,108.00,960.00,744.00,0.8765,1,-1,-1
252,1,135.00,105.00,963.00,729.00,0.8736,1,-1,-1
253,1,135.00,105.00,978.00,723.00,0.8212,1,-1,-1
255,1,216.00,120.00,906.00,699.00,0.8441,1,-1,-1
256,1,171.00,120.00,960.00,696.00,0.8853,1,-1,-1
257,1,171.00,120.00,960.00,696.00,0.8830,1,-1,-1
258,1,165.00,111.00,969.00,711.00,0.9007,1,-1,-1
259,1,165.00,111.00,975.00,708.00,0.8967,1,-1,-1
260,1,165.00,126.00,972.00,690.00,0.9016,1,-1,-1
261,1,165.00,117.00,972.00,696.00,0.8823,1,-1,-1
262,1,162.00,114.00,975.00,708.00,0.8856,1,-1,-1
263,1,162.00,117.00,975.00,705.00,0.8836,1,-1,-1
264,1,159.00,123.00,978.00,708.00,0.8871,1,-1,-1
265,1,156.00,129.00,978.00,711.00,0.8915,1,-1,-1
266,1,156.00,117.00,975.00,720.00,0.8719,1,-1,-1
267,1,147.00,114.00,984.00,720.00,0.8966,1,-1,-1
268,1,141.00,111.00,987.00,729.00,0.8978,1,-1,-1
269,1,141.00,111.00,987.00,729.00,0.8976,1,-1,-1
270,1,132.00,99.00,993.00,735.00,0.9088,1,-1,-1
271,1,129.00,84.00,996.00,756.00,0.8987,1,-1,-1
272,1,123.00,60.00,1005.00,786.00,0.8866,1,-1,-1
273,1,123.00,51.00,1011.00,801.00,0.8918,1,-1,-1
275,1,333.00,213.00,567.00,531.00,0.9233,1,-1,-1
276,1,324.00,198.00,573.00,546.00,0.9338,1,-1,-1
277,1,318.00,189.00,576.00,558.00,0.9300,1,-1,-1
278,1,315.00,180.00,576.00,573.00,0.9244,1,-1,-1
279,1,309.00,177.00,585.00,576.00,0.9233,1,-1,-1
280,1,312.00,177.00,585.00,576.00,0.9217,1,-1,-1
281,1,312.00,177.00,585.00,576.00,0.9221,1,-1,-1
282,1,318.00,171.00,588.00,588.00,0.9194,1,-1,-1
283,1,324.00,171.00,591.00,588.00,0.9093,1,-1,-1
284,1,333.00,174.00,597.00,588.00,0.9139,1,-1,-1
285,1,342.00,174.00,597.00,585.00,0.9120,1,-1,-1
286,1,354.00,180.00,597.00,582.00,0.9176,1,-1,-1
287,1,354.00,180.00,597.00,582.00,0.9164,1,-1,-1
288,1,366.00,177.00,597.00,588.00,0.9001,1,-1,-1
289,1,375.00,171.00,597.00,594.00,0.8933,1,-1,-1
290,1,381.00,168.00,603.00,597.00,0.9025,1,-1,-1
291,1,387.00,153.00,606.00,612.00,0.9081,1,-1,-1
292,1,393.00,144.00,603.00,624.00,0.9079,1,-1,-1
293,1,393.00,144.00,603.00,624.00,0.9080,1,-1,-1
294,1,393.00,129.00,612.00,648.00,0.8919,1,-1,-1
295,1,393.00,117.00,612.00,669.00,0.8945,1,-1,-1
299,1,363.00,129.00,627.00,672.00,0.7449,1,-1,-1
301,1,345.00,84.00,639.00,723.00,0.7787,1,-1,-1
307,1,342.00,186.00,660.00,636.00,0.8029,1,-1,-1
310,1,390.00,114.00,681.00,717.00,0.8423,1,-1,-1
311,1,390.00,132.00,681.00,699.00,0.8421,1,-1,-1
315,1,456.00,126.00,708.00,711.00,0.8675,1,-1,-1
316,1,462.00,114.00,723.00,729.00,0.8435,1,-1,-1
317,1,462.00,114.00,723.00,732.00,0.8434,1,-1,-1
318,1,471.00,87.00,735.00,759.00,0.8138,1,-1,-1
320,1,489.00,0.00,747.00,858.00,0.6683,1,-1,-1
322,1,477.00,0.00,780.00,870.00,0.8668,1,-1,-1
323,1,477.00,0.00,777.00,870.00,0.8667,1,-1,-1
324,1,462.00,-0.00,801.00,879.00,0.8639,1,-1,-1
325,1,453.00,0.00,816.00,888.00,0.8545,1,-1,-1
328,1,411.00,0.00,876.00,900.00,0.8160,1,-1,-1
331,1,375.00,-0.00,921.00,909.00,0.8559,1,-1,-1
332,1,342.00,0.00,951.00,924.00,0.8363,1,-1,-1
333,1,306.00,0.00,981.00,927.00,0.8735,1,-1,-1
334,1,273.00,0.00,1008.00,939.00,0.8527,1,-1,-1
335,1,273.00,0.00,1008.00,939.00,0.8525,1,-1,-1
336,1,246.00,0.00,1038.00,942.00,0.8536,1,-1,-1
339,1,87.00,0.00,1152.00,957.00,0.5917,1,-1,-1
340,1,36.00,0.00,1203.00,975.00,0.6588,1,-1,-1
345,1,15.00,0.00,1260.00,1056.00,0.5591,1,-1,-1
349,1,6.00,0.00,1344.00,1080.00,0.5618,1,-1,-1
353,1,0.00,0.00,1617.00,1080.00,0.4108,1,-1,-1
362,1,0.00,0.00,1059.00,1080.00,0.4078,1,-1,-1
365,1,0.00,0.00,1896.00,1080.00,0.4439,1,-1,-1
374,1,3.00,0.00,1917.00,1080.00,0.7652,1,-1,-1
375,1,6.00,0.00,1914.00,1080.00,0.8167,1,-1,-1
376,1,9.00,0.00,1911.00,1080.00,0.8258,1,-1,-1
377,1,9.00,0.00,1911.00,1080.00,0.7871,1,-1,-1
379,1,9.00,0.00,1911.00,1080.00,0.7890,1,-1,-1
412,1,729.00,0.00,1191.00,951.00,0.4925,1,-1,-1
420,1,840.00,-0.00,1080.00,855.00,0.4123,1,-1,-1
425,1,876.00,0.00,1044.00,570.00,0.6296,1,-1,-1
577,1,927.00,21.00,693.00,405.00,0.8224,1,-1,-1
578,1,927.00,21.00,693.00,405.00,0.8234,1,-1,-1
579,1,879.00,0.00,711.00,432.00,0.8939,1,-1,-1
580,1,822.00,6.00,741.00,432.00,0.8691,1,-1,-1
582,1,714.00,27.00,789.00,414.00,0.9198,1,-1,-1
584,1,660.00,0.00,813.00,441.00,0.8941,1,-1,-1
585,1,609.00,0.00,828.00,459.00,0.8802,1,-1,-1
586,1,558.00,0.00,840.00,468.00,0.9164,1,-1,-1
587,1,504.00,-0.00,846.00,477.00,0.9144,1,-1,-1
588,1,450.00,0.00,864.00,486.00,0.9146,1,-1,-1
589,1,390.00,-0.00,873.00,504.00,0.9039,1,-1,-1
590,1,390.00,-0.00,873.00,504.00,0.9045,1,-1,-1
591,1,333.00,-0.00,885.00,504.00,0.8912,1,-1,-1
592,1,279.00,-0.00,879.00,504.00,0.9125,1,-1,-1
593,1,216.00,0.00,891.00,525.00,0.8699,1,-1,-1
594,1,159.00,0.00,891.00,549.00,0.8855,1,-1,-1
595,1,105.00,0.00,876.00,564.00,0.8364,1,-1,-1
599,1,9.00,0.00,774.00,597.00,0.7606,1,-1,-1
601,1,3.00,0.00,645.00,648.00,0.8734,1,-1,-1
603,1,-0.00,0.00,582.00,672.00,0.8011,1,-1,-1
605,1,0.00,30.00,456.00,714.00,0.8394,1,-1,-1
667,2,840.00,-0.00,1008.00,693.00,0.8988,1,-1,-1
668,2,807.00,-0.00,1065.00,720.00,0.8814,1,-1,-1
669,2,774.00,-0.00,1110.00,744.00,0.8302,1,-1,-1
670,2,741.00,0.00,1161.00,792.00,0.8530,1,-1,-1
671,2,741.00,0.00,1161.00,792.00,0.8492,1,-1,-1
672,2,708.00,0.00,1197.00,858.00,0.8069,1,-1,-1
673,2,666.00,0.00,1251.00,885.00,0.8695,1,-1,-1
674,2,624.00,0.00,1296.00,921.00,0.8729,1,-1,-1
679,2,468.00,90.00,1389.00,864.00,0.7040,1,-1,-1
680,2,414.00,57.00,1464.00,897.00,0.6352,1,-1,-1
682,2,345.00,0.00,1563.00,981.00,0.6886,1,-1,-1
683,2,345.00,0.00,1563.00,981.00,0.6959,1,-1,-1
684,2,324.00,0.00,1578.00,972.00,0.7749,1,-1,-1
685,2,279.00,0.00,1638.00,978.00,0.8323,1,-1,-1
686,2,261.00,0.00,1650.00,978.00,0.8439,1,-1,-1
691,2,39.00,-0.00,1878.00,1014.00,0.7449,1,-1,-1
701,2,18.00,0.00,1725.00,1080.00,0.7441,1,-1,-1
704,2,0.00,0.00,1608.00,1080.00,0.8630,1,-1,-1
709,2,0.00,6.00,1467.00,1074.00,0.7280,1,-1,-1
710,2,-0.00,9.00,1434.00,1071.00,0.6843,1,-1,-1
716,2,3.00,27.00,1296.00,1053.00,0.6222,1,-1,-1
718,2,0.00,54.00,1245.00,1026.00,0.7430,1,-1,-1
722,2,0.00,126.00,1173.00,954.00,0.7269,1,-1,-1
724,2,0.00,171.00,1098.00,909.00,0.6219,1,-1,-1
731,2,3.00,267.00,1125.00,813.00,0.6894,1,-1,-1
733,2,39.00,273.00,975.00,807.00,0.7004,1,-1,-1
734,2,6.00,276.00,993.00,804.00,0.8284,1,-1,-1
735,2,3.00,276.00,1059.00,804.00,0.8764,1,-1,-1
736,2,12.00,276.00,981.00,804.00,0.8303,1,-1,-1
737,2,12.00,276.00,984.00,804.00,0.8396,1,-1,-1
739,2,51.00,285.00,939.00,795.00,0.8562,1,-1,-1
740,2,63.00,288.00,942.00,792.00,0.8299,1,-1,-1
742,2,183.00,291.00,753.00,741.00,0.5969,1,-1,-1
747,2,138.00,315.00,786.00,705.00,0.8480,1,-1,-1
749,3,297.00,327.00,432.00,360.00,0.4481,1,-1,-1
752,3,171.00,375.00,693.00,561.00,0.8579,1,-1,-1
755,3,246.00,381.00,594.00,474.00,0.8168,1,-1,-1
756,3,198.00,384.00,639.00,561.00,0.8436,1,-1,-1
757,3,210.00,384.00,621.00,555.00,0.8526,1,-1,-1
758,3,219.00,390.00,609.00,552.00,0.8450,1,-1,-1
760,3,234.00,366.00,573.00,519.00,0.8013,1,-1,-1
762,3,246.00,351.00,546.00,525.00,0.8085,1,-1,-1
764,3,336.00,333.00,384.00,474.00,0.6329,1,-1,-1
766,3,363.00,384.00,321.00,363.00,0.7818,1,-1,-1
770,4,6.00,0.00,1911.00,1080.00,0.7558,1,-1,-1
771,4,6.00,0.00,1911.00,1080.00,0.7540,1,-1,-1
772,4,0.00,0.00,1920.00,1080.00,0.7690,1,-1,-1
773,4,3.00,0.00,1917.00,1080.00,0.8052,1,-1,-1
774,4,0.00,0.00,1920.00,1080.00,0.7691,1,-1,-1
775,4,0.00,0.00,1920.00,1080.00,0.8015,1,-1,-1
776,4,3.00,0.00,1917.00,1080.00,0.7641,1,-1,-1
777,4,3.00,0.00,1917.00,1080.00,0.7620,1,-1,-1
778,4,6.00,0.00,1914.00,1080.00,0.7700,1,-1,-1
779,4,9.00,0.00,1911.00,1080.00,0.7764,1,-1,-1
780,4,3.00,0.00,1917.00,1080.00,0.7872,1,-1,-1
803,4,0.00,0.00,1920.00,1080.00,0.6961,1,-1,-1
813,4,9.00,0.00,1911.00,1080.00,0.5991,1,-1,-1
836,4,0.00,0.00,1626.00,1080.00,0.5104,1,-1,-1
837,4,0.00,0.00,1629.00,1080.00,0.5049,1,-1,-1
860,4,0.00,0.00,1416.00,1080.00,0.4619,1,-1,-1
870,4,12.00,0.00,1350.00,1080.00,0.7618,1,-1,-1
871,4,24.00,0.00,1332.00,1080.00,0.7954,1,-1,-1
874,4,36.00,0.00,1293.00,1080.00,0.8015,1,-1,-1
880,4,45.00,-0.00,1227.00,1068.00,0.8480,1,-1,-1
882,4,54.00,0.00,1194.00,1050.00,0.8361,1,-1,-1
883,4,63.00,0.00,1173.00,1050.00,0.8909,1,-1,-1
884,4,69.00,0.00,1161.00,1047.00,0.8779,1,-1,-1
885,4,72.00,0.00,1158.00,1047.00,0.8824,1,-1,-1
886,4,87.00,0.00,1128.00,1038.00,0.8898,1,-1,-1
887,4,99.00,0.00,1107.00,1026.00,0.8986,1,-1,-1
888,4,102.00,0.00,1095.00,1023.00,0.8999,1,-1,-1
889,4,111.00,0.00,1077.00,1011.00,0.9095,1,-1,-1
890,4,120.00,0.00,1059.00,1005.00,0.9022,1,-1,-1
891,4,120.00,0.00,1062.00,1005.00,0.9005,1,-1,-1
892,4,126.00,0.00,1044.00,996.00,0.8988,1,-1,-1
893,4,135.00,0.00,1026.00,984.00,0.8886,1,-1,-1
894,4,147.00,0.00,1005.00,969.00,0.8715,1,-1,-1
895,4,153.00,-0.00,990.00,963.00,0.8596,1,-1,-1
896,4,162.00,3.00,978.00,951.00,0.8607,1,-1,-1
897,4,165.00,3.00,972.00,951.00,0.8556,1,-1,-1
898,4,174.00,18.00,957.00,936.00,0.8543,1,-1,-1
899,4,183.00,18.00,945.00,924.00,0.8584,1,-1,-1
900,4,192.00,21.00,930.00,921.00,0.8561,1,-1,-1
901,4,201.00,24.00,909.00,915.00,0.8678,1,-1,-1
902,4,213.00,27.00,891.00,906.00,0.8199,1,-1,-1
903,4,213.00,30.00,891.00,900.00,0.8115,1,-1,-1
904,4,228.00,39.00,873.00,876.00,0.8507,1,-1,-1
905,4,234.00,42.00,885.00,870.00,0.8343,1,-1,-1
906,4,234.00,42.00,885.00,870.00,0.8370,1,-1,-1
907,4,249.00,57.00,888.00,867.00,0.8418,1,-1,-1
908,4,258.00,57.00,891.00,858.00,0.8685,1,-1,-1
909,4,258.00,57.00,891.00,858.00,0.8687,1,-1,-1
910,4,264.00,63.00,894.00,852.00,0.8549,1,-1,-1
911,4,270.00,66.00,897.00,846.00,0.8527,1,-1,-1
912,4,282.00,72.00,900.00,843.00,0.8671,1,-1,-1
913,4,285.00,78.00,903.00,834.00,0.8596,1,-1,-1
914,4,288.00,81.00,915.00,828.00,0.8495,1,-1,-1
915,4,288.00,84.00,912.00,828.00,0.8534,1,-1,-1
916,4,291.00,84.00,918.00,828.00,0.8459,1,-1,-1
917,4,294.00,90.00,930.00,807.00,0.8609,1,-1,-1
918,4,306.00,90.00,924.00,816.00,0.8609,1,-1,-1
919,4,312.00,93.00,927.00,813.00,0.8498,1,-1,-1
920,4,318.00,99.00,930.00,807.00,0.8585,1,-1,-1
921,4,318.00,99.00,930.00,810.00,0.8564,1,-1,-1
922,4,324.00,102.00,927.00,804.00,0.8777,1,-1,-1
923,4,330.00,108.00,933.00,801.00,0.8803,1,-1,-1
924,4,327.00,105.00,951.00,813.00,0.8542,1,-1,-1
925,4,330.00,108.00,960.00,804.00,0.8805,1,-1,-1
926,4,333.00,108.00,960.00,801.00,0.8639,1,-1,-1
927,4,336.00,108.00,960.00,801.00,0.8633,1,-1,-1
928,4,348.00,108.00,966.00,798.00,0.8557,1,-1,-1
929,4,354.00,108.00,966.00,795.00,0.8562,1,-1,-1
930,4,360.00,111.00,969.00,786.00,0.8357,1,-1,-1
932,4,357.00,120.00,981.00,771.00,0.8359,1,-1,-1
933,4,357.00,120.00,981.00,771.00,0.8353,1,-1,-1
934,4,354.00,126.00,987.00,768.00,0.8348,1,-1,-1
935,4,363.00,129.00,984.00,765.00,0.8228,1,-1,-1
936,4,375.00,135.00,975.00,762.00,0.8306,1,-1,-1
937,4,375.00,138.00,981.00,747.00,0.8535,1,-1,-1
938,4,378.00,144.00,981.00,741.00,0.8442,1,-1,-1
939,4,381.00,147.00,975.00,738.00,0.8342,1,-1,-1
940,4,393.00,156.00,966.00,702.00,0.8436,1,-1,-1
941,4,387.00,156.00,978.00,678.00,0.8699,1,-1,-1
946,4,402.00,162.00,966.00,672.00,0.8765,1,-1,-1
947,4,405.00,162.00,966.00,663.00,0.8594,1,-1,-1
948,4,408.00,168.00,960.00,636.00,0.8790,1,-1,-1
949,4,411.00,168.00,948.00,612.00,0.8811,1,-1,-1
950,4,411.00,168.00,948.00,606.00,0.8834,1,-1,-1
951,4,411.00,168.00,948.00,606.00,0.8867,1,-1,-1
952,4,411.00,168.00,948.00,606.00,0.8924,1,-1,-1
953,4,411.00,171.00,942.00,606.00,0.8982,1,-1,-1
954,4,408.00,174.00,942.00,600.00,0.8754,1,-1,-1
955,4,405.00,177.00,945.00,600.00,0.8758,1,-1,-1
956,4,402.00,180.00,930.00,597.00,0.8694,1,-1,-1
957,4,402.00,183.00,930.00,594.00,0.8530,1,-1,-1
958,4,399.00,183.00,933.00,597.00,0.8530,1,-1,-1
959,4,396.00,189.00,921.00,588.00,0.8573,1,-1,-1
960,4,396.00,216.00,912.00,567.00,0.8374,1,-1,-1
961,4,390.00,195.00,915.00,597.00,0.8532,1,-1,-1
962,4,390.00,195.00,906.00,600.00,0.8604,1,-1,-1
963,4,390.00,195.00,906.00,600.00,0.8575,1,-1,-1
965,4,651.00,201.00,420.00,462.00,0.8832,1,-1,-1
966,4,645.00,201.00,426.00,465.00,0.8933,1,-1,-1
967,4,645.00,201.00,426.00,465.00,0.8930,1,-1,-1
968,4,642.00,201.00,429.00,465.00,0.8965,1,-1,-1
969,4,636.00,201.00,438.00,468.00,0.8788,1,-1,-1
970,4,633.00,201.00,441.00,468.00,0.9037,1,-1,-1
971,4,624.00,207.00,450.00,462.00,0.9160,1,-1,-1
972,4,621.00,204.00,456.00,465.00,0.9022,1,-1,-1
973,4,621.00,204.00,456.00,465.00,0.9023,1,-1,-1
974,4,618.00,207.00,465.00,465.00,0.8926,1,-1,-1
975,4,612.00,204.00,474.00,474.00,0.8855,1,-1,-1
976,4,609.00,204.00,480.00,474.00,0.8781,1,-1,-1
977,4,609.00,204.00,480.00,474.00,0.8858,1,-1,-1
978,4,606.00,204.00,486.00,480.00,0.8677,1,-1,-1
979,4,606.00,204.00,486.00,480.00,0.8699,1,-1,-1
980,4,606.00,204.00,489.00,486.00,0.8739,1,-1,-1
981,4,600.00,201.00,501.00,495.00,0.8672,1,-1,-1
982,4,600.00,201.00,501.00,495.00,0.8660,1,-1,-1
983,4,597.00,204.00,507.00,498.00,0.8645,1,-1,-1
984,4,594.00,207.00,516.00,498.00,0.8572,1,-1,-1
985,4,594.00,207.00,513.00,498.00,0.8597,1,-1,-1
986,4,597.00,207.00,510.00,504.00,0.8709,1,-1,-1
987,4,594.00,204.00,519.00,507.00,0.8715,1,-1,-1
988,4,594.00,207.00,522.00,504.00,0.8852,1,-1,-1
989,4,591.00,213.00,528.00,492.00,0.8910,1,-1,-1
990,4,591.00,213.00,531.00,492.00,0.8972,1,-1,-1
991,4,591.00,213.00,531.00,492.00,0.8933,1,-1,-1
992,4,591.00,216.00,531.00,486.00,0.8971,1,-1,-1
993,4,588.00,213.00,540.00,498.00,0.9000,1,-1,-1
994,4,591.00,216.00,537.00,495.00,0.8992,1,-1,-1
995,4,588.00,216.00,543.00,501.00,0.9121,1,-1,-1
996,4,588.00,216.00,546.00,507.00,0.8885,1,-1,-1
997,4,588.00,216.00,546.00,507.00,0.8845,1,-1,-1
998,4,588.00,213.00,549.00,510.00,0.8927,1,-1,-1
999,4,585.00,213.00,555.00,513.00,0.8763,1,-1,-1
1000,4,585.00,210.00,558.00,519.00,0.8842,1,-1,-1
1001,4,588.00,222.00,558.00,510.00,0.8708,1,-1,-1
1002,4,585.00,219.00,561.00,513.00,0.9064,1,-1,-1
1003,4,585.00,243.00,564.00,492.00,0.8874,1,-1,-1
1004,4,585.00,231.00,564.00,507.00,0.8855,1,-1,-1
1005,4,585.00,264.00,564.00,471.00,0.8932,1,-1,-1
1006,4,588.00,234.00,567.00,513.00,0.9102,1,-1,-1
1007,4,588.00,234.00,567.00,513.00,0.9047,1,-1,-1
1008,4,591.00,246.00,564.00,498.00,0.8715,1,-1,-1
1009,4,588.00,240.00,573.00,510.00,0.8544,1,-1,-1
1010,4,588.00,240.00,573.00,510.00,0.8504,1,-1,-1
1011,4,591.00,258.00,573.00,492.00,0.8506,1,-1,-1
1012,4,591.00,255.00,579.00,498.00,0.8561,1,-1,-1
1013,4,594.00,249.00,576.00,504.00,0.8832,1,-1,-1
1014,4,594.00,249.00,576.00,507.00,0.8863,1,-1,-1
1015,4,597.00,249.00,582.00,510.00,0.8978,1,-1,-1
1016,4,597.00,249.00,582.00,510.00,0.8976,1,-1,-1
1017,4,597.00,249.00,585.00,519.00,0.8981,1,-1,-1
1018,4,597.00,249.00,585.00,522.00,0.9120,1,-1,-1
1019,4,603.00,246.00,579.00,528.00,0.9087,1,-1,-1
1020,4,606.00,252.00,582.00,516.00,0.9133,1,-1,-1
1021,4,606.00,243.00,585.00,534.00,0.9128,1,-1,-1
1022,4,606.00,243.00,585.00,534.00,0.9136,1,-1,-1
1023,4,609.00,252.00,585.00,516.00,0.9023,1,-1,-1
1024,4,609.00,258.00,585.00,519.00,0.9086,1,-1,-1
1025,4,612.00,252.00,585.00,537.00,0.9101,1,-1,-1
1026,4,618.00,255.00,582.00,519.00,0.9135,1,-1,-1
1027,4,618.00,249.00,585.00,537.00,0.9071,1,-1,-1
1028,4,618.00,252.00,585.00,531.00,0.9078,1,-1,-1
1029,4,624.00,246.00,585.00,534.00,0.9020,1,-1,-1
1030,4,627.00,246.00,579.00,540.00,0.9046,1,-1,-1
1031,4,627.00,252.00,582.00,525.00,0.8865,1,-1,-1
1032,4,630.00,249.00,582.00,534.00,0.8778,1,-1,-1
1033,4,633.00,249.00,579.00,540.00,0.8837,1,-1,-1
1034,4,633.00,249.00,579.00,540.00,0.8846,1,-1,-1
1035,4,639.00,255.00,573.00,531.00,0.8857,1,-1,-1
1036,4,642.00,249.00,582.00,555.00,0.8823,1,-1,-1
1037,4,645.00,243.00,579.00,561.00,0.8833,1,-1,-1
1038,4,645.00,240.00,582.00,555.00,0.8834,1,-1,-1
1039,4,648.00,237.00,585.00,555.00,0.8784,1,-1,-1
1040,4,648.00,237.00,585.00,555.00,0.8774,1,-1,-1
1041,4,651.00,234.00,582.00,558.00,0.8806,1,-1,-1
1042,4,657.00,228.00,576.00,579.00,0.8825,1,-1,-1
1043,4,663.00,228.00,573.00,573.00,0.8679,1,-1,-1
1044,4,666.00,228.00,570.00,573.00,0.8558,1,-1,-1
1045,4,669.00,225.00,573.00,576.00,0.8529,1,-1,-1
1046,4,666.00,225.00,576.00,579.00,0.8521,1,-1,-1
1047,4,669.00,222.00,570.00,579.00,0.8775,1,-1,-1
1048,4,669.00,222.00,582.00,576.00,0.8872,1,-1,-1
1049,4,675.00,222.00,573.00,573.00,0.9005,1,-1,-1
1050,4,675.00,225.00,573.00,531.00,0.9123,1,-1,-1
1051,4,684.00,225.00,567.00,555.00,0.9017,1,-1,-1
1052,4,684.00,225.00,567.00,558.00,0.9015,1,-1,-1
1053,4,681.00,219.00,570.00,546.00,0.9065,1,-1,-1
1054,4,690.00,222.00,564.00,552.00,0.8832,1,-1,-1
1055,4,690.00,234.00,573.00,525.00,0.8773,1,-1,-1
1056,4,696.00,231.00,564.00,531.00,0.8614,1,-1,-1
1057,4,696.00,237.00,573.00,504.00,0.8798,1,-1,-1
1058,4,696.00,240.00,570.00,504.00,0.8749,1,-1,-1
1059,4,702.00,237.00,555.00,519.00,0.8634,1,-1,-1
1060,4,708.00,225.00,561.00,513.00,0.8608,1,-1,-1
1061,4,714.00,222.00,549.00,528.00,0.8629,1,-1,-1
1062,4,720.00,225.00,546.00,513.00,0.8708,1,-1,-1
1063,4,720.00,219.00,546.00,522.00,0.8620,1,-1,-1
1064,4,720.00,219.00,546.00,522.00,0.8623,1,-1,-1
1065,4,723.00,207.00,546.00,531.00,0.8511,1,-1,-1
1066,4,729.00,204.00,543.00,543.00,0.8307,1,-1,-1
1067,4,729.00,207.00,546.00,537.00,0.8157,1,-1,-1
1071,4,750.00,210.00,537.00,528.00,0.8067,1,-1,-1
1072,4,747.00,180.00,546.00,567.00,0.8130,1,-1,-1
1073,4,747.00,183.00,543.00,537.00,0.7388,1,-1,-1
1081,4,771.00,135.00,504.00,522.00,0.5460,1,-1,-1
1082,4,771.00,135.00,504.00,525.00,0.5294,1,-1,-1
1086,5,3.00,0.00,1908.00,1080.00,0.6287,1,-1,-1
1088,5,0.00,0.00,1917.00,1080.00,0.7587,1,-1,-1
1089,5,0.00,0.00,1920.00,1080.00,0.7752,1,-1,-1
1090,5,0.00,0.00,1920.00,1080.00,0.7633,1,-1,-1
1091,5,0.00,0.00,1920.00,1080.00,0.8174,1,-1,-1
1092,5,0.00,0.00,1920.00,1080.00,0.7775,1,-1,-1
1093,5,0.00,0.00,1920.00,1080.00,0.7732,1,-1,-1
1094,5,3.00,0.00,1914.00,1080.00,0.8167,1,-1,-1
1095,5,0.00,0.00,1917.00,1080.00,0.7973,1,-1,-1
1096,5,3.00,0.00,1914.00,1080.00,0.7979,1,-1,-1
1097,5,3.00,0.00,1917.00,1080.00,0.7859,1,-1,-1
1102,5,0.00,0.00,1920.00,1080.00,0.8132,1,-1,-1
1103,5,0.00,0.00,1920.00,1080.00,0.7902,1,-1,-1
1104,5,3.00,0.00,1917.00,1080.00,0.8422,1,-1,-1
1105,5,3.00,0.00,1917.00,1080.00,0.8455,1,-1,-1
1106,5,3.00,0.00,1917.00,1080.00,0.8215,1,-1,-1
1109,5,6.00,0.00,1914.00,1080.00,0.7915,1,-1,-1
1110,5,9.00,0.00,1911.00,1080.00,0.7658,1,-1,-1
1111,5,6.00,0.00,1914.00,1080.00,0.7618,1,-1,-1
1112,5,6.00,0.00,1914.00,1080.00,0.7837,1,-1,-1
1113,5,9.00,0.00,1911.00,1080.00,0.7595,1,-1,-1
1119,5,3.00,0.00,1914.00,1080.00,0.6730,1,-1,-1
1146,5,0.00,0.00,1920.00,1080.00,0.6534,1,-1,-1
1152,5,3.00,0.00,1917.00,1011.00,0.4719,1,-1,-1
1205,5,396.00,231.00,1269.00,849.00,0.9180,1,-1,-1
1206,5,393.00,231.00,1272.00,849.00,0.9137,1,-1,-1
1207,5,387.00,231.00,1278.00,849.00,0.9134,1,-1,-1
1208,5,387.00,231.00,1275.00,849.00,0.9152,1,-1,-1
1209,5,381.00,231.00,1278.00,849.00,0.9121,1,-1,-1
1210,5,375.00,231.00,1287.00,849.00,0.9087,1,-1,-1
1211,5,369.00,231.00,1290.00,849.00,0.9165,1,-1,-1
1212,5,363.00,231.00,1296.00,849.00,0.9132,1,-1,-1
1213,5,360.00,228.00,1296.00,852.00,0.9122,1,-1,-1
1214,5,360.00,228.00,1296.00,852.00,0.9135,1,-1,-1
1215,5,357.00,228.00,1299.00,852.00,0.9141,1,-1,-1
1216,5,357.00,228.00,1299.00,852.00,0.9116,1,-1,-1
1217,5,351.00,228.00,1305.00,852.00,0.9118,1,-1,-1
1218,5,348.00,231.00,1314.00,849.00,0.9162,1,-1,-1
1219,5,342.00,231.00,1320.00,849.00,0.9134,1,-1,-1
1220,5,342.00,231.00,1320.00,849.00,0.9170,1,-1,-1
1221,5,336.00,234.00,1329.00,846.00,0.9044,1,-1,-1
1222,5,336.00,237.00,1332.00,843.00,0.9049,1,-1,-1
1223,5,333.00,237.00,1338.00,843.00,0.9044,1,-1,-1
1224,5,336.00,240.00,1335.00,840.00,0.8953,1,-1,-1
1225,5,336.00,243.00,1335.00,837.00,0.8911,1,-1,-1
1226,5,336.00,243.00,1335.00,837.00,0.8933,1,-1,-1
1227,5,336.00,243.00,1335.00,837.00,0.8926,1,-1,-1
1228,5,336.00,246.00,1341.00,834.00,0.8906,1,-1,-1
1229,5,333.00,249.00,1347.00,831.00,0.8905,1,-1,-1
1230,5,330.00,249.00,1350.00,831.00,0.8959,1,-1,-1
1231,5,327.00,249.00,1353.00,831.00,0.8907,1,-1,-1
1232,5,327.00,246.00,1353.00,834.00,0.8910,1,-1,-1
1233,5,330.00,246.00,1344.00,834.00,0.8828,1,-1,-1
1234,5,327.00,243.00,1362.00,837.00,0.8869,1,-1,-1
1235,5,324.00,243.00,1374.00,837.00,0.8850,1,-1,-1
1236,5,327.00,243.00,1371.00,837.00,0.8937,1,-1,-1
1237,5,324.00,243.00,1377.00,831.00,0.8921,1,-1,-1
1238,5,324.00,243.00,1377.00,831.00,0.8923,1,-1,-1
1239,5,324.00,243.00,1377.00,825.00,0.8895,1,-1,-1
1240,5,321.00,243.00,1386.00,834.00,0.8989,1,-1,-1
1241,5,321.00,246.00,1392.00,825.00,0.8904,1,-1,-1
1242,5,321.00,246.00,1392.00,816.00,0.8933,1,-1,-1
1243,5,318.00,252.00,1398.00,810.00,0.8917,1,-1,-1
1244,5,318.00,252.00,1398.00,810.00,0.8906,1,-1,-1
1245,5,315.00,255.00,1398.00,807.00,0.8989,1,-1,-1
1246,5,318.00,255.00,1401.00,810.00,0.8922,1,-1,-1
1247,5,315.00,261.00,1401.00,804.00,0.8755,1,-1,-1
1248,5,312.00,261.00,1407.00,798.00,0.8793,1,-1,-1
1249,5,312.00,264.00,1407.00,801.00,0.8836,1,-1,-1
1250,5,312.00,264.00,1407.00,804.00,0.8805,1,-1,-1
1251,5,312.00,264.00,1407.00,804.00,0.8983,1,-1,-1
1252,5,309.00,261.00,1410.00,801.00,0.9013,1,-1,-1
1253,5,309.00,261.00,1410.00,810.00,0.9041,1,-1,-1
1254,5,309.00,261.00,1407.00,789.00,0.9039,1,-1,-1
1255,5,303.00,261.00,1410.00,795.00,0.8918,1,-1,-1
1256,5,303.00,261.00,1410.00,795.00,0.8901,1,-1,-1
1257,5,300.00,264.00,1404.00,795.00,0.8947,1,-1,-1
1258,5,282.00,264.00,1419.00,798.00,0.9097,1,-1,-1
1259,5,276.00,267.00,1422.00,804.00,0.8922,1,-1,-1
1260,5,270.00,267.00,1419.00,810.00,0.8924,1,-1,-1
1261,5,264.00,270.00,1416.00,810.00,0.8534,1,-1,-1
1262,5,264.00,270.00,1416.00,810.00,0.8513,1,-1,-1
1263,5,252.00,273.00,1416.00,807.00,0.8751,1,-1,-1
1264,5,249.00,270.00,1410.00,810.00,0.8679,1,-1,-1
1265,5,237.00,270.00,1416.00,810.00,0.8277,1,-1,-1
1266,5,222.00,270.00,1428.00,810.00,0.8832,1,-1,-1
1267,5,210.00,273.00,1428.00,807.00,0.8632,1,-1,-1
1268,5,210.00,273.00,1428.00,807.00,0.8648,1,-1,-1
1269,5,195.00,279.00,1431.00,801.00,0.8658,1,-1,-1
1270,5,186.00,276.00,1443.00,804.00,0.8757,1,-1,-1
1271,5,174.00,276.00,1449.00,804.00,0.8753,1,-1,-1
1272,5,168.00,270.00,1443.00,810.00,0.9048,1,-1,-1
1273,5,156.00,273.00,1458.00,807.00,0.8987,1,-1,-1
1274,5,156.00,273.00,1455.00,807.00,0.8942,1,-1,-1
1275,5,150.00,267.00,1455.00,813.00,0.9146,1,-1,-1
1276,5,141.00,267.00,1467.00,813.00,0.9034,1,-1,-1
1277,5,135.00,267.00,1473.00,813.00,0.9028,1,-1,-1
1278,5,126.00,270.00,1479.00,810.00,0.8919,1,-1,-1
1279,5,123.00,270.00,1473.00,804.00,0.8711,1,-1,-1
1280,5,123.00,273.00,1473.00,801.00,0.8711,1,-1,-1
1281,5,123.00,273.00,1467.00,801.00,0.8735,1,-1,-1
1282,5,120.00,270.00,1485.00,798.00,0.8773,1,-1,-1
1283,5,120.00,270.00,1482.00,798.00,0.8724,1,-1,-1
1284,5,120.00,270.00,1488.00,792.00,0.8769,1,-1,-1
1285,5,117.00,270.00,1494.00,795.00,0.8586,1,-1,-1
1286,5,117.00,270.00,1494.00,795.00,0.8612,1,-1,-1
1287,5,120.00,273.00,1506.00,777.00,0.8547,1,-1,-1
1288,5,120.00,270.00,1518.00,789.00,0.8477,1,-1,-1
1289,5,126.00,267.00,1509.00,801.00,0.8475,1,-1,-1
1290,5,126.00,261.00,1515.00,810.00,0.8545,1,-1,-1
1291,5,123.00,255.00,1515.00,816.00,0.8443,1,-1,-1
1292,5,123.00,255.00,1515.00,816.00,0.8462,1,-1,-1
1293,5,120.00,255.00,1527.00,816.00,0.8594,1,-1,-1
1294,5,120.00,261.00,1527.00,816.00,0.8300,1,-1,-1
1295,5,117.00,261.00,1530.00,819.00,0.8211,1,-1,-1
1296,5,114.00,255.00,1536.00,813.00,0.8327,1,-1,-1
1297,5,111.00,249.00,1545.00,825.00,0.8158,1,-1,-1
1298,5,111.00,249.00,1545.00,825.00,0.8166,1,-1,-1
1299,5,114.00,246.00,1536.00,813.00,0.8172,1,-1,-1
1300,5,114.00,249.00,1545.00,804.00,0.8155,1,-1,-1
1301,5,114.00,249.00,1545.00,810.00,0.8262,1,-1,-1
1302,5,114.00,258.00,1539.00,792.00,0.8156,1,-1,-1
1303,5,111.00,252.00,1545.00,804.00,0.8107,1,-1,-1
1304,5,111.00,249.00,1545.00,807.00,0.8102,1,-1,-1
1305,5,108.00,240.00,1554.00,807.00,0.8302,1,-1,-1
1306,5,108.00,249.00,1560.00,795.00,0.8050,1,-1,-1
1307,5,108.00,252.00,1566.00,777.00,0.8147,1,-1,-1
1312,5,0.00,0.00,1872.00,1080.00,0.4800,1,-1,-1
1345,5,0.00,0.00,1917.00,1080.00,0.6760,1,-1,-1
1382,5,0.00,0.00,1881.00,1080.00,0.3340,1,-1,-1
1430,5,462.00,339.00,1359.00,741.00,0.7473,1,-1,-1
1431,5,462.00,339.00,1359.00,741.00,0.7564,1,-1,-1
1432,5,459.00,339.00,1362.00,741.00,0.7770,1,-1,-1
1433,5,459.00,336.00,1359.00,744.00,0.7852,1,-1,-1
1434,5,456.00,333.00,1362.00,747.00,0.7861,1,-1,-1
1435,5,456.00,339.00,1359.00,741.00,0.7738,1,-1,-1
1436,5,456.00,336.00,1356.00,744.00,0.7749,1,-1,-1
1437,5,456.00,333.00,1353.00,747.00,0.8115,1,-1,-1
1438,5,456.00,336.00,1350.00,744.00,0.8027,1,-1,-1
1439,5,456.00,336.00,1341.00,744.00,0.8563,1,-1,-1
1440,5,456.00,336.00,1338.00,744.00,0.8710,1,-1,-1
1441,5,459.00,348.00,1329.00,732.00,0.8369,1,-1,-1
1442,5,459.00,345.00,1329.00,735.00,0.8370,1,-1,-1
1443,5,459.00,342.00,1326.00,738.00,0.8362,1,-1,-1
1444,5,462.00,363.00,1314.00,717.00,0.8156,1,-1,-1
1445,5,462.00,339.00,1311.00,741.00,0.7858,1,-1,-1
1452,5,465.00,414.00,1275.00,666.00,0.7182,1,-1,-1
1463,5,459.00,390.00,1236.00,690.00,0.6983,1,-1,-1
1466,5,465.00,276.00,1221.00,804.00,0.6840,1,-1,-1
1486,5,465.00,357.00,1281.00,723.00,0.7458,1,-1,-1
1487,5,465.00,357.00,1287.00,723.00,0.7734,1,-1,-1
1490,5,456.00,375.00,1299.00,705.00,0.8006,1,-1,-1
1491,5,459.00,375.00,1296.00,705.00,0.8026,1,-1,-1
1492,5,456.00,381.00,1296.00,699.00,0.8273,1,-1,-1
1493,5,453.00,387.00,1302.00,693.00,0.8364,1,-1,-1
1494,5,450.00,402.00,1305.00,678.00,0.8682,1,-1,-1
1495,5,447.00,411.00,1308.00,669.00,0.8677,1,-1,-1
1496,5,435.00,414.00,1320.00,666.00,0.8768,1,-1,-1
1497,5,435.00,414.00,1320.00,666.00,0.8761,1,-1,-1
1498,5,429.00,414.00,1323.00,666.00,0.8749,1,-1,-1
1499,5,417.00,387.00,1335.00,693.00,0.8672,1,-1,-1
1500,5,414.00,384.00,1338.00,696.00,0.8587,1,-1,-1
1501,5,411.00,393.00,1338.00,687.00,0.8445,1,-1,-1
1502,5,405.00,393.00,1344.00,687.00,0.8326,1,-1,-1
1503,5,405.00,393.00,1344.00,687.00,0.8329,1,-1,-1
1504,5,396.00,375.00,1353.00,705.00,0.8440,1,-1,-1
1508,5,369.00,339.00,1371.00,741.00,0.7547,1,-1,-1
1516,5,783.00,372.00,660.00,516.00,0.9119,1,-1,-1
1517,5,783.00,372.00,660.00,519.00,0.9202,1,-1,-1
1518,5,783.00,369.00,657.00,522.00,0.9162,1,-1,-1
1519,5,783.00,366.00,657.00,528.00,0.8780,1,-1,-1
1520,5,780.00,372.00,663.00,522.00,0.8968,1,-1,-1
1521,5,780.00,372.00,663.00,522.00,0.8968,1,-1,-1
1522,5,780.00,363.00,663.00,534.00,0.8804,1,-1,-1
1523,5,783.00,357.00,657.00,543.00,0.8859,1,-1,-1
1524,5,783.00,354.00,657.00,546.00,0.8741,1,-1,-1
1525,5,783.00,351.00,660.00,552.00,0.8786,1,-1,-1
1526,5,783.00,348.00,660.00,555.00,0.8804,1,-1,-1
1527,5,783.00,348.00,660.00,555.00,0.8859,1,-1,-1
1528,5,780.00,345.00,663.00,558.00,0.9027,1,-1,-1
1529,5,780.00,348.00,666.00,558.00,0.8963,1,-1,-1
1530,5,777.00,348.00,666.00,558.00,0.8981,1,-1,-1
1531,5,777.00,342.00,669.00,564.00,0.9021,1,-1,-1
1532,5,777.00,339.00,669.00,570.00,0.9191,1,-1,-1
1533,5,777.00,339.00,669.00,570.00,0.9189,1,-1,-1
1534,5,774.00,342.00,675.00,570.00,0.9081,1,-1,-1
1535,5,771.00,339.00,678.00,573.00,0.9182,1,-1,-1
1536,5,771.00,339.00,681.00,576.00,0.9181,1,-1,-1
1537,5,771.00,336.00,681.00,579.00,0.9206,1,-1,-1
1538,5,768.00,336.00,687.00,579.00,0.9208,1,-1,-1
1539,5,768.00,336.00,687.00,579.00,0.9210,1,-1,-1
1540,5,768.00,333.00,690.00,585.00,0.9085,1,-1,-1
1541,5,768.00,321.00,693.00,600.00,0.9064,1,-1,-1
1542,5,768.00,324.00,693.00,600.00,0.8868,1,-1,-1
1543,5,768.00,327.00,696.00,600.00,0.8766,1,-1,-1
1544,5,768.00,339.00,696.00,588.00,0.8929,1,-1,-1
1545,5,768.00,339.00,696.00,588.00,0.8938,1,-1,-1
1546,5,765.00,351.00,702.00,579.00,0.8845,1,-1,-1
1547,5,762.00,357.00,711.00,576.00,0.8953,1,-1,-1
1548,5,759.00,366.00,714.00,570.00,0.8949,1,-1,-1
1549,5,759.00,363.00,714.00,576.00,0.8896,1,-1,-1
1550,5,756.00,363.00,714.00,579.00,0.8974,1,-1,-1
1551,5,753.00,369.00,717.00,573.00,0.9044,1,-1,-1
1552,5,753.00,369.00,717.00,573.00,0.9032,1,-1,-1
1553,5,750.00,372.00,720.00,573.00,0.8470,1,-1,-1
1554,5,747.00,381.00,720.00,567.00,0.8663,1,-1,-1
1555,5,744.00,384.00,723.00,567.00,0.8510,1,-1,-1
1556,5,738.00,387.00,726.00,567.00,0.8473,1,-1,-1
1557,5,732.00,390.00,732.00,567.00,0.8751,1,-1,-1
1558,5,732.00,390.00,732.00,567.00,0.8752,1,-1,-1
1559,5,729.00,390.00,735.00,570.00,0.8670,1,-1,-1
1560,5,726.00,393.00,735.00,573.00,0.8896,1,-1,-1
1561,5,720.00,396.00,738.00,576.00,0.8979,1,-1,-1
1562,5,714.00,390.00,744.00,585.00,0.8970,1,-1,-1
1563,5,711.00,390.00,744.00,588.00,0.8997,1,-1,-1
1564,5,711.00,390.00,744.00,588.00,0.8998,1,-1,-1
1565,5,711.00,390.00,744.00,591.00,0.8996,1,-1,-1
1566,5,708.00,393.00,747.00,591.00,0.9043,1,-1,-1
1567,5,705.00,396.00,750.00,588.00,0.9103,1,-1,-1
1568,5,702.00,396.00,753.00,591.00,0.9107,1,-1,-1
1569,5,699.00,399.00,756.00,588.00,0.9093,1,-1,-1
1570,5,699.00,399.00,756.00,588.00,0.9092,1,-1,-1
1571,5,696.00,396.00,759.00,594.00,0.9102,1,-1,-1
1572,5,696.00,399.00,762.00,591.00,0.9083,1,-1,-1
1573,5,693.00,396.00,765.00,594.00,0.9167,1,-1,-1
1574,5,693.00,393.00,765.00,600.00,0.9120,1,-1,-1
1575,5,690.00,390.00,771.00,603.00,0.9112,1,-1,-1
1576,5,690.00,390.00,771.00,603.00,0.9116,1,-1,-1
1577,5,690.00,390.00,771.00,603.00,0.9056,1,-1,-1
1578,5,687.00,390.00,777.00,606.00,0.8952,1,-1,-1
1579,5,687.00,390.00,777.00,606.00,0.8912,1,-1,-1
1581,6,-0.00,0.00,879.00,957.00,0.5982,1,-1,-1
1587,6,0.00,0.00,1029.00,951.00,0.6917,1,-1,-1
1589,6,0.00,0.00,1092.00,948.00,0.8212,1,-1,-1
1594,6,0.00,-0.00,1212.00,933.00,0.8069,1,-1,-1
1595,6,-0.00,-0.00,1242.00,909.00,0.8124,1,-1,-1
1596,6,0.00,0.00,1269.00,903.00,0.8290,1,-1,-1
1602,6,0.00,0.00,1413.00,867.00,0.6811,1,-1,-1
1603,6,0.00,0.00,1413.00,867.00,0.6763,1,-1,-1
1613,6,0.00,0.00,1629.00,876.00,0.7563,1,-1,-1
1615,6,3.00,-0.00,1662.00,879.00,0.6313,1,-1,-1
1619,6,12.00,0.00,1773.00,885.00,0.8425,1,-1,-1
1620,6,9.00,0.00,1800.00,888.00,0.8233,1,-1,-1
1621,6,9.00,0.00,1797.00,888.00,0.8281,1,-1,-1
1622,6,6.00,-0.00,1794.00,879.00,0.8720,1,-1,-1
1623,6,3.00,-0.00,1830.00,879.00,0.8491,1,-1,-1
1627,6,9.00,0.00,1866.00,894.00,0.7450,1,-1,-1
1651,6,159.00,3.00,1761.00,900.00,0.7462,1,-1,-1
1657,6,243.00,0.00,1668.00,885.00,0.7244,1,-1,-1
1669,6,303.00,21.00,1608.00,819.00,0.8003,1,-1,-1
1670,6,306.00,21.00,1602.00,819.00,0.7973,1,-1,-1
1674,6,306.00,0.00,1599.00,849.00,0.8029,1,-1,-1
1675,6,309.00,0.00,1596.00,849.00,0.8040,1,-1,-1
1676,6,321.00,0.00,1587.00,807.00,0.8539,1,-1,-1
1677,6,324.00,0.00,1581.00,822.00,0.8727,1,-1,-1
1678,6,327.00,0.00,1578.00,813.00,0.8656,1,-1,-1
1679,6,339.00,0.00,1560.00,807.00,0.8774,1,-1,-1
1680,6,354.00,6.00,1551.00,816.00,0.8793,1,-1,-1
1681,6,354.00,6.00,1548.00,816.00,0.8799,1,-1,-1
1682,6,369.00,6.00,1542.00,819.00,0.8742,1,-1,-1
1683,6,381.00,30.00,1530.00,783.00,0.8492,1,-1,-1
1684,6,399.00,30.00,1509.00,762.00,0.8772,1,-1,-1
1685,6,411.00,24.00,1500.00,795.00,0.7974,1,-1,-1
1686,6,423.00,18.00,1491.00,786.00,0.8112,1,-1,-1
1687,6,423.00,18.00,1491.00,789.00,0.8088,1,-1,-1
1688,6,438.00,60.00,1476.00,747.00,0.8338,1,-1,-1
1690,6,450.00,54.00,1464.00,750.00,0.8064,1,-1,-1
1691,6,459.00,63.00,1458.00,744.00,0.8513,1,-1,-1
1692,6,468.00,51.00,1449.00,744.00,0.8622,1,-1,-1
1693,6,468.00,51.00,1452.00,744.00,0.8627,1,-1,-1
1694,6,474.00,51.00,1446.00,747.00,0.8861,1,-1,-1
1695,6,483.00,42.00,1437.00,768.00,0.8828,1,-1,-1
1696,6,492.00,42.00,1428.00,780.00,0.8736,1,-1,-1
1697,6,501.00,48.00,1419.00,753.00,0.9062,1,-1,-1
1698,6,507.00,42.00,1413.00,753.00,0.8957,1,-1,-1
1699,6,507.00,42.00,1413.00,753.00,0.8951,1,-1,-1
1700,6,513.00,60.00,1407.00,714.00,0.9134,1,-1,-1
1701,6,516.00,51.00,1404.00,744.00,0.8763,1,-1,-1
1702,6,528.00,60.00,1392.00,726.00,0.8840,1,-1,-1
1703,6,525.00,60.00,1392.00,738.00,0.8842,1,-1,-1
1704,6,525.00,51.00,1392.00,750.00,0.8720,1,-1,-1
1705,6,525.00,48.00,1392.00,753.00,0.8745,1,-1,-1
1706,6,528.00,57.00,1389.00,729.00,0.8914,1,-1,-1
1707,6,525.00,30.00,1392.00,765.00,0.8932,1,-1,-1
1708,6,525.00,30.00,1392.00,759.00,0.8596,1,-1,-1
1709,6,528.00,24.00,1389.00,777.00,0.8322,1,-1,-1
1710,6,525.00,15.00,1389.00,768.00,0.8552,1,-1,-1
1711,6,525.00,15.00,1389.00,768.00,0.8546,1,-1,-1
1712,6,525.00,0.00,1389.00,777.00,0.8458,1,-1,-1
1713,6,528.00,6.00,1389.00,777.00,0.8096,1,-1,-1
1714,6,534.00,3.00,1383.00,771.00,0.8448,1,-1,-1
1715,6,537.00,6.00,1380.00,780.00,0.8304,1,-1,-1
1716,6,540.00,27.00,1374.00,759.00,0.8402,1,-1,-1
1717,6,543.00,27.00,1371.00,756.00,0.8459,1,-1,-1
1718,6,549.00,21.00,1368.00,759.00,0.8505,1,-1,-1
1719,6,552.00,24.00,1362.00,762.00,0.8274,1,-1,-1
1720,6,555.00,30.00,1356.00,765.00,0.8526,1,-1,-1
1721,6,561.00,39.00,1353.00,744.00,0.8592,1,-1,-1
1722,6,564.00,36.00,1347.00,741.00,0.8384,1,-1,-1
1723,6,561.00,36.00,1353.00,741.00,0.8415,1,-1,-1
1724,6,564.00,54.00,1350.00,732.00,0.8504,1,-1,-1
1725,6,573.00,72.00,1338.00,708.00,0.8163,1,-1,-1
1726,6,579.00,84.00,1320.00,693.00,0.8270,1,-1,-1
1727,6,585.00,90.00,1317.00,681.00,0.8080,1,-1,-1
1728,6,585.00,96.00,1314.00,672.00,0.8104,1,-1,-1
1729,6,585.00,96.00,1314.00,672.00,0.8100,1,-1,-1
1735,6,594.00,90.00,1272.00,702.00,0.7788,1,-1,-1
1736,6,594.00,102.00,1263.00,678.00,0.8089,1,-1,-1
1737,6,594.00,96.00,1272.00,684.00,0.8329,1,-1,-1
1738,6,594.00,105.00,1260.00,675.00,0.8409,1,-1,-1
1739,6,597.00,111.00,1254.00,651.00,0.8715,1,-1,-1
1740,6,597.00,126.00,1254.00,642.00,0.8573,1,-1,-1
1741,6,597.00,126.00,1254.00,642.00,0.8572,1,-1,-1
1742,6,594.00,123.00,1254.00,672.00,0.8865,1,-1,-1
1743,6,594.00,123.00,1242.00,663.00,0.8750,1,-1,-1
1744,6,591.00,132.00,1230.00,660.00,0.9066,1,-1,-1
1745,6,594.00,129.00,1230.00,669.00,0.8819,1,-1,-1
1746,6,594.00,129.00,1218.00,666.00,0.8735,1,-1,-1
1747,6,594.00,129.00,1218.00,666.00,0.8825,1,-1,-1
1748,6,591.00,132.00,1215.00,654.00,0.8889,1,-1,-1
1749,6,591.00,138.00,1215.00,645.00,0.9089,1,-1,-1
1750,6,591.00,138.00,1200.00,645.00,0.8892,1,-1,-1
1751,6,588.00,141.00,1197.00,642.00,0.8832,1,-1,-1
1752,6,594.00,147.00,1185.00,633.00,0.8945,1,-1,-1
1753,6,600.00,147.00,1176.00,636.00,0.8779,1,-1,-1
1754,6,597.00,147.00,1179.00,636.00,0.8801,1,-1,-1
1755,6,597.00,147.00,1176.00,636.00,0.8793,1,-1,-1
1756,6,603.00,147.00,1176.00,630.00,0.8590,1,-1,-1
1757,6,609.00,147.00,1161.00,627.00,0.8663,1,-1,-1
1760,6,0.00,0.00,1896.00,858.00,0.3419,1,-1,-1
1986,6,786.00,0.00,693.00,942.00,0.8760,1,-1,-1
1987,6,783.00,-0.00,699.00,936.00,0.8573,1,-1,-1
1988,6,783.00,0.00,699.00,939.00,0.8676,1,-1,-1
1989,6,783.00,0.00,699.00,939.00,0.8750,1,-1,-1
1990,6,783.00,0.00,699.00,939.00,0.8743,1,-1,-1
1991,6,783.00,0.00,705.00,939.00,0.8653,1,-1,-1
1992,6,783.00,0.00,708.00,942.00,0.8028,1,-1,-1
1993,6,786.00,0.00,708.00,939.00,0.7941,1,-1,-1
2004,6,780.00,0.00,735.00,948.00,0.5918,1,-1,-1
2019,6,801.00,0.00,741.00,942.00,0.6444,1,-1,-1
2024,6,801.00,-0.00,747.00,936.00,0.8257,1,-1,-1
2027,6,798.00,-0.00,750.00,933.00,0.8292,1,-1,-1
2035,6,786.00,207.00,756.00,717.00,0.6620,1,-1,-1
2036,6,789.00,87.00,756.00,843.00,0.6877,1,-1,-1
2043,6,777.00,0.00,762.00,921.00,0.8252,1,-1,-1
2044,6,777.00,0.00,762.00,921.00,0.8138,1,-1,-1
2052,6,759.00,12.00,771.00,897.00,0.6924,1,-1,-1
2063,6,753.00,330.00,768.00,561.00,0.5164,1,-1,-1
2065,6,750.00,360.00,768.00,525.00,0.6034,1,-1,-1
2073,6,750.00,402.00,765.00,477.00,0.7800,1,-1,-1
2105,6,741.00,414.00,756.00,408.00,0.6342,1,-1,-1
2311,7,705.00,405.00,249.00,606.00,0.8186,1,-1,-1
2312,7,708.00,405.00,246.00,606.00,0.8266,1,-1,-1
2313,7,705.00,402.00,270.00,606.00,0.8591,1,-1,-1
2314,7,708.00,405.00,249.00,609.00,0.8498,1,-1,-1
2315,7,711.00,405.00,246.00,609.00,0.8583,1,-1,-1
2316,7,720.00,405.00,240.00,603.00,0.8296,1,-1,-1
2317,7,726.00,405.00,234.00,603.00,0.8351,1,-1,-1
2318,7,726.00,402.00,234.00,606.00,0.8369,1,-1,-1
2319,7,732.00,405.00,228.00,603.00,0.8250,1,-1,-1
2320,7,732.00,408.00,228.00,600.00,0.8571,1,-1,-1
2321,7,735.00,405.00,216.00,606.00,0.8507,1,-1,-1
2322,7,738.00,402.00,219.00,606.00,0.8302,1,-1,-1
2323,7,732.00,408.00,234.00,603.00,0.8159,1,-1,-1
2324,7,732.00,408.00,231.00,603.00,0.8090,1,-1,-1
2325,7,744.00,414.00,228.00,594.00,0.8364,1,-1,-1
2326,7,744.00,420.00,234.00,591.00,0.8517,1,-1,-1
2327,7,747.00,420.00,231.00,591.00,0.8502,1,-1,-1
2328,7,747.00,420.00,240.00,597.00,0.8660,1,-1,-1
2329,7,747.00,420.00,246.00,597.00,0.8588,1,-1,-1
2330,7,747.00,420.00,246.00,597.00,0.8589,1,-1,-1
2331,7,747.00,420.00,252.00,597.00,0.8553,1,-1,-1
2332,7,750.00,417.00,246.00,603.00,0.8296,1,-1,-1
2333,7,750.00,417.00,243.00,600.00,0.8175,1,-1,-1
2335,7,762.00,420.00,240.00,606.00,0.7986,1,-1,-1
2336,7,762.00,420.00,240.00,606.00,0.8068,1,-1,-1
2337,7,765.00,420.00,240.00,609.00,0.8430,1,-1,-1
2338,7,765.00,417.00,240.00,612.00,0.8741,1,-1,-1
2339,7,768.00,420.00,237.00,609.00,0.8614,1,-1,-1
2340,7,771.00,420.00,237.00,615.00,0.8474,1,-1,-1
2341,7,756.00,420.00,261.00,624.00,0.8172,1,-1,-1
2343,7,759.00,423.00,258.00,624.00,0.8611,1,-1,-1
2344,7,774.00,423.00,243.00,630.00,0.8487,1,-1,-1
2345,7,774.00,429.00,246.00,624.00,0.8438,1,-1,-1
2346,7,780.00,429.00,243.00,627.00,0.8601,1,-1,-1
2347,7,786.00,438.00,243.00,621.00,0.8532,1,-1,-1
2348,7,786.00,438.00,243.00,621.00,0.8536,1,-1,-1
2349,7,789.00,432.00,243.00,624.00,0.8811,1,-1,-1
2350,7,792.00,432.00,246.00,627.00,0.9040,1,-1,-1
2351,7,792.00,435.00,246.00,627.00,0.8674,1,-1,-1
2352,7,792.00,435.00,249.00,627.00,0.8833,1,-1,-1
2353,7,798.00,435.00,249.00,630.00,0.8670,1,-1,-1
2354,7,798.00,435.00,249.00,630.00,0.8668,1,-1,-1
2355,7,798.00,432.00,249.00,630.00,0.8794,1,-1,-1
2356,7,804.00,435.00,246.00,630.00,0.8279,1,-1,-1
2357,7,801.00,438.00,252.00,633.00,0.8279,1,-1,-1
2358,7,807.00,438.00,246.00,633.00,0.8644,1,-1,-1
2359,7,795.00,441.00,258.00,630.00,0.8568,1,-1,-1
2360,7,795.00,441.00,258.00,630.00,0.8563,1,-1,-1
2361,7,804.00,441.00,252.00,630.00,0.8875,1,-1,-1
2362,7,804.00,444.00,252.00,630.00,0.8568,1,-1,-1
2363,7,792.00,447.00,267.00,627.00,0.8414,1,-1,-1
2364,7,804.00,447.00,255.00,627.00,0.7974,1,-1,-1
2368,7,828.00,456.00,237.00,624.00,0.8361,1,-1,-1
2369,7,828.00,459.00,249.00,621.00,0.8411,1,-1,-1
2370,7,828.00,459.00,252.00,621.00,0.8451,1,-1,-1
2373,7,840.00,462.00,249.00,618.00,0.8145,1,-1,-1
2374,7,837.00,465.00,261.00,615.00,0.8282,1,-1,-1
2387,7,858.00,486.00,246.00,594.00,0.7018,1,-1,-1
2389,7,864.00,489.00,267.00,591.00,0.5836,1,-1,-1
2395,7,882.00,516.00,267.00,564.00,0.6579,1,-1,-1
2396,7,882.00,516.00,264.00,564.00,0.6697,1,-1,-1
2467,8,1596.00,123.00,324.00,399.00,0.4908,1,-1,-1
2515,9,267.00,369.00,99.00,90.00,0.5922,1,-1,-1
2582,10,30.00,0.00,1809.00,1080.00,0.3616,1,-1,-1
2591,10,285.00,0.00,1635.00,1080.00,0.3601,1,-1,-1
2644,10,471.00,0.00,1443.00,1080.00,0.4631,1,-1,-1
2670,10,258.00,30.00,1662.00,1050.00,0.4239,1,-1,-1
2705,10,69.00,0.00,1839.00,975.00,0.3719,1,-1,-1
2725,10,87.00,0.00,1647.00,873.00,0.6402,1,-1,-1
2731,10,6.00,0.00,1572.00,846.00,0.4765,1,-1,-1
2745,10,0.00,-0.00,1368.00,963.00,0.5260,1,-1,-1
2747,10,-0.00,-0.00,1350.00,774.00,0.6528,1,-1,-1
2761,10,0.00,0.00,1188.00,753.00,0.7844,1,-1,-1
2762,10,3.00,0.00,1176.00,741.00,0.7750,1,-1,-1
2772,11,1713.00,816.00,207.00,264.00,0.3595,1,-1,-1
2776,11,1671.00,813.00,249.00,267.00,0.6374,1,-1,-1
2780,11,1593.00,795.00,327.00,285.00,0.6459,1,-1,-1
2784,11,1563.00,831.00,357.00,249.00,0.6781,1,-1,-1
2787,11,1548.00,768.00,372.00,312.00,0.4962,1,-1,-1
2788,11,1545.00,831.00,375.00,249.00,0.1758,1,-1,-1
2792,12,9.00,0.00,1770.00,1080.00,0.3433,1,-1,-1
2825,12,6.00,0.00,1905.00,1080.00,0.5955,1,-1,-1
2837,13,84.00,192.00,909.00,573.00,0.5734,1,-1,-1
2845,13,132.00,174.00,990.00,588.00,0.7454,1,-1,-1
2851,13,168.00,129.00,1038.00,651.00,0.7207,1,-1,-1
2852,13,171.00,120.00,1044.00,648.00,0.8188,1,-1,-1
2854,13,186.00,96.00,1065.00,672.00,0.8520,1,-1,-1
2855,13,189.00,96.00,1062.00,672.00,0.8521,1,-1,-1
2856,13,201.00,81.00,1068.00,678.00,0.8686,1,-1,-1
2857,13,204.00,72.00,1086.00,696.00,0.8253,1,-1,-1
2858,13,210.00,69.00,1101.00,702.00,0.7938,1,-1,-1
2859,13,213.00,54.00,1116.00,720.00,0.7747,1,-1,-1
2860,13,222.00,51.00,1131.00,738.00,0.8590,1,-1,-1
2861,13,222.00,51.00,1131.00,738.00,0.8594,1,-1,-1
2862,13,234.00,72.00,1137.00,708.00,0.8267,1,-1,-1
2863,13,234.00,90.00,1155.00,696.00,0.8141,1,-1,-1
2864,13,261.00,87.00,1161.00,699.00,0.8390,1,-1,-1
2870,13,312.00,114.00,1242.00,708.00,0.8000,1,-1,-1
2876,13,366.00,75.00,1341.00,768.00,0.7987,1,-1,-1
2881,13,411.00,24.00,1425.00,873.00,0.8281,1,-1,-1
2888,13,489.00,0.00,1431.00,942.00,0.6510,1,-1,-1
2895,13,636.00,57.00,1284.00,879.00,0.7182,1,-1,-1
2898,13,681.00,213.00,1215.00,720.00,0.6965,1,-1,-1
2905,13,840.00,210.00,1080.00,741.00,0.6370,1,-1,-1
2912,13,993.00,198.00,927.00,771.00,0.6136,1,-1,-1
2917,13,1110.00,234.00,810.00,735.00,0.6164,1,-1,-1
2920,13,1206.00,156.00,714.00,837.00,0.6531,1,-1,-1
3386,14,234.00,555.00,270.00,162.00,0.8050,1,-1,-1
3386,15,1368.00,579.00,291.00,177.00,0.7598,1,-1,-1
3389,14,231.00,558.00,276.00,159.00,0.7924,1,-1,-1
3390,14,231.00,558.00,276.00,159.00,0.7901,1,-1,-1
3391,14,231.00,558.00,276.00,156.00,0.7837,1,-1,-1
3398,16,1371.00,588.00,300.00,168.00,0.5358,1,-1,-1
3407,17,252.00,555.00,273.00,165.00,0.6876,1,-1,-1
3410,17,255.00,555.00,273.00,156.00,0.6465,1,-1,-1
3419,17,270.00,546.00,276.00,168.00,0.5484,1,-1,-1
3430,17,288.00,555.00,276.00,165.00,0.5226,1,-1,-1
3446,17,306.00,540.00,279.00,174.00,0.5025,1,-1,-1
3447,18,1419.00,510.00,300.00,231.00,0.3329,1,-1,-1
3456,19,324.00,534.00,273.00,177.00,0.4863,1,-1,-1
3468,19,345.00,528.00,273.00,180.00,0.4523,1,-1,-1
3474,19,357.00,549.00,270.00,156.00,0.4960,1,-1,-1
3480,20,1452.00,519.00,300.00,228.00,0.5162,1,-1,-1
4488,21,0.00,315.00,261.00,588.00,0.5163,1,-1,-1
4490,21,0.00,297.00,273.00,636.00,0.4575,1,-1,-1
4493,22,366.00,393.00,924.00,657.00,0.8919,1,-1,-1
4493,23,1641.00,387.00,279.00,591.00,0.7856,1,-1,-1
4494,22,360.00,396.00,921.00,669.00,0.8655,1,-1,-1
4495,22,348.00,402.00,918.00,657.00,0.8713,1,-1,-1
4496,22,336.00,393.00,927.00,663.00,0.8714,1,-1,-1
4497,22,324.00,396.00,930.00,654.00,0.8682,1,-1,-1
4497,24,1626.00,399.00,294.00,573.00,0.8298,1,-1,-1
4498,22,318.00,402.00,930.00,648.00,0.8287,1,-1,-1
4499,22,309.00,396.00,930.00,657.00,0.8132,1,-1,-1
4499,25,1605.00,408.00,315.00,585.00,0.8328,1,-1,-1
4500,25,1596.00,411.00,324.00,579.00,0.8237,1,-1,-1
4501,26,291.00,393.00,936.00,663.00,0.8457,1,-1,-1
4502,26,282.00,393.00,936.00,663.00,0.8745,1,-1,-1
4502,27,1590.00,408.00,330.00,588.00,0.8359,1,-1,-1
4503,26,273.00,393.00,936.00,666.00,0.8706,1,-1,-1
4504,26,264.00,390.00,933.00,666.00,0.8734,1,-1,-1
4504,28,1581.00,414.00,339.00,579.00,0.8455,1,-1,-1
4505,26,243.00,387.00,948.00,669.00,0.8758,1,-1,-1
4505,28,1575.00,417.00,345.00,582.00,0.8476,1,-1,-1
4506,26,234.00,384.00,948.00,675.00,0.8593,1,-1,-1
4506,28,1572.00,417.00,348.00,582.00,0.8413,1,-1,-1
4507,26,234.00,354.00,951.00,705.00,0.8897,1,-1,-1
4507,28,1572.00,423.00,348.00,573.00,0.8529,1,-1,-1
4508,26,237.00,360.00,948.00,696.00,0.8968,1,-1,-1
4508,28,1578.00,429.00,342.00,558.00,0.8641,1,-1,-1
4509,26,240.00,372.00,948.00,675.00,0.9010,1,-1,-1
4509,28,1584.00,432.00,336.00,552.00,0.8584,1,-1,-1
4510,26,243.00,366.00,948.00,687.00,0.9088,1,-1,-1
4511,26,252.00,372.00,948.00,681.00,0.9140,1,-1,-1
4512,26,258.00,369.00,948.00,684.00,0.9137,1,-1,-1
4513,26,267.00,375.00,945.00,675.00,0.9233,1,-1,-1
4514,26,282.00,366.00,939.00,687.00,0.9224,1,-1,-1
4514,29,1632.00,420.00,288.00,600.00,0.7261,1,-1,-1
4515,26,279.00,351.00,957.00,702.00,0.9055,1,-1,-1
4516,30,1659.00,486.00,261.00,555.00,0.6622,1,-1,-1
4517,31,291.00,351.00,954.00,699.00,0.9055,1,-1,-1
4518,31,291.00,339.00,960.00,708.00,0.9006,1,-1,-1
4519,31,294.00,351.00,960.00,696.00,0.8961,1,-1,-1
4520,32,1698.00,501.00,222.00,519.00,0.6189,1,-1,-1
4521,33,300.00,342.00,963.00,696.00,0.9236,1,-1,-1
4522,33,303.00,342.00,963.00,699.00,0.9263,1,-1,-1
4522,34,1707.00,507.00,213.00,546.00,0.6288,1,-1,-1
4523,33,306.00,345.00,960.00,699.00,0.9295,1,-1,-1
4524,33,306.00,342.00,963.00,705.00,0.9268,1,-1,-1
4525,35,1722.00,525.00,198.00,510.00,0.5436,1,-1,-1
4526,36,303.00,342.00,969.00,702.00,0.9312,1,-1,-1
4527,36,303.00,339.00,969.00,705.00,0.9280,1,-1,-1
4528,37,1746.00,591.00,174.00,408.00,0.6051,1,-1,-1
4529,38,309.00,339.00,972.00,708.00,0.9362,1,-1,-1
4530,38,312.00,339.00,972.00,708.00,0.9373,1,-1,-1
4531,39,1770.00,501.00,150.00,540.00,0.4523,1,-1,-1
4532,40,318.00,336.00,972.00,714.00,0.9317,1,-1,-1
4533,40,318.00,333.00,978.00,717.00,0.9324,1,-1,-1
4534,40,321.00,330.00,981.00,717.00,0.9278,1,-1,-1
4535,40,327.00,321.00,981.00,723.00,0.9352,1,-1,-1
4536,40,330.00,324.00,981.00,723.00,0.9346,1,-1,-1
4537,40,339.00,318.00,978.00,726.00,0.9410,1,-1,-1
4538,40,339.00,312.00,981.00,732.00,0.9403,1,-1,-1
4539,40,339.00,306.00,984.00,732.00,0.9427,1,-1,-1
4540,40,345.00,300.00,981.00,744.00,0.9378,1,-1,-1
4541,40,345.00,294.00,987.00,750.00,0.9424,1,-1,-1
4542,40,345.00,294.00,990.00,753.00,0.9428,1,-1,-1
4543,40,345.00,288.00,993.00,759.00,0.9424,1,-1,-1
4544,40,342.00,282.00,996.00,762.00,0.9435,1,-1,-1
4545,40,345.00,273.00,996.00,774.00,0.9399,1,-1,-1
4546,40,351.00,273.00,993.00,768.00,0.9377,1,-1,-1
4547,40,351.00,270.00,999.00,771.00,0.9366,1,-1,-1
4548,40,351.00,267.00,999.00,777.00,0.9380,1,-1,-1
4549,40,351.00,267.00,999.00,774.00,0.9330,1,-1,-1
4550,40,351.00,267.00,1002.00,777.00,0.9317,1,-1,-1
4551,40,351.00,267.00,1002.00,777.00,0.9293,1,-1,-1
4552,40,351.00,264.00,1002.00,780.00,0.9282,1,-1,-1
4553,40,351.00,264.00,1002.00,780.00,0.9325,1,-1,-1
4554,40,351.00,258.00,1005.00,780.00,0.9217,1,-1,-1
4555,40,357.00,258.00,1002.00,780.00,0.9155,1,-1,-1
4556,40,357.00,255.00,1002.00,783.00,0.8997,1,-1,-1
4557,40,357.00,252.00,1014.00,789.00,0.8696,1,-1,-1
4558,40,357.00,249.00,1014.00,792.00,0.8553,1,-1,-1
4559,40,357.00,249.00,1014.00,792.00,0.8391,1,-1,-1
4560,40,360.00,240.00,1020.00,804.00,0.8253,1,-1,-1
4561,40,363.00,237.00,1023.00,810.00,0.8647,1,-1,-1
4562,40,363.00,237.00,1023.00,810.00,0.8673,1,-1,-1
4563,40,363.00,231.00,1023.00,813.00,0.8499,1,-1,-1
4564,40,366.00,231.00,1023.00,813.00,0.8652,1,-1,-1
4565,40,366.00,225.00,1023.00,813.00,0.8881,1,-1,-1
4566,40,366.00,222.00,1023.00,816.00,0.8948,1,-1,-1
4567,40,366.00,222.00,1026.00,822.00,0.8904,1,-1,-1
4568,40,369.00,222.00,1029.00,819.00,0.9106,1,-1,-1
4569,40,375.00,219.00,1026.00,822.00,0.9209,1,-1,-1
4570,40,378.00,219.00,1026.00,825.00,0.9269,1,-1,-1
4571,40,378.00,216.00,1029.00,828.00,0.9265,1,-1,-1
4572,40,378.00,216.00,1029.00,828.00,0.9250,1,-1,-1
4573,40,378.00,216.00,1032.00,828.00,0.9192,1,-1,-1
4574,40,378.00,213.00,1035.00,831.00,0.9164,1,-1,-1
4575,40,381.00,210.00,1035.00,837.00,0.9218,1,-1,-1
4576,40,378.00,213.00,1047.00,834.00,0.9186,1,-1,-1
4577,40,378.00,213.00,1050.00,834.00,0.9259,1,-1,-1
4578,40,378.00,213.00,1047.00,831.00,0.9213,1,-1,-1
4579,40,375.00,210.00,1044.00,834.00,0.9178,1,-1,-1
4580,40,375.00,210.00,1047.00,837.00,0.9145,1,-1,-1
4581,40,372.00,210.00,1050.00,837.00,0.9155,1,-1,-1
4582,40,372.00,207.00,1047.00,837.00,0.9123,1,-1,-1
4583,40,369.00,207.00,1044.00,831.00,0.9191,1,-1,-1
4584,40,366.00,204.00,1050.00,834.00,0.9192,1,-1,-1
4585,40,363.00,204.00,1053.00,834.00,0.9189,1,-1,-1
4586,40,363.00,204.00,1053.00,831.00,0.9262,1,-1,-1
4587,40,363.00,207.00,1053.00,828.00,0.9246,1,-1,-1
4588,40,360.00,210.00,1062.00,825.00,0.9185,1,-1,-1
4589,40,357.00,216.00,1068.00,816.00,0.9153,1,-1,-1
4590,40,354.00,219.00,1068.00,813.00,0.9120,1,-1,-1
4591,40,357.00,222.00,1068.00,807.00,0.9171,1,-1,-1
4592,40,354.00,228.00,1071.00,816.00,0.9068,1,-1,-1
4593,40,357.00,231.00,1074.00,810.00,0.9157,1,-1,-1
4594,40,357.00,249.00,1074.00,789.00,0.9154,1,-1,-1
4595,40,357.00,255.00,1077.00,786.00,0.9163,1,-1,-1
4596,40,354.00,261.00,1080.00,780.00,0.9067,1,-1,-1
4597,40,351.00,288.00,1074.00,750.00,0.9224,1,-1,-1
4598,40,342.00,294.00,1080.00,744.00,0.9199,1,-1,-1
4599,40,336.00,312.00,1089.00,726.00,0.9169,1,-1,-1
4600,40,339.00,321.00,1086.00,717.00,0.9201,1,-1,-1
4601,40,339.00,336.00,1089.00,702.00,0.9246,1,-1,-1
4602,40,339.00,336.00,1092.00,705.00,0.9179,1,-1,-1
4603,40,339.00,333.00,1098.00,708.00,0.9232,1,-1,-1
4604,40,342.00,327.00,1104.00,711.00,0.9066,1,-1,-1
4605,40,348.00,324.00,1095.00,714.00,0.9060,1,-1,-1
4606,40,351.00,315.00,1104.00,723.00,0.8850,1,-1,-1
4607,40,351.00,309.00,1113.00,726.00,0.8598,1,-1,-1
4608,40,354.00,300.00,1146.00,732.00,0.8485,1,-1,-1
4609,40,351.00,300.00,1149.00,735.00,0.8712,1,-1,-1
4610,40,348.00,294.00,1167.00,738.00,0.8846,1,-1,-1
4611,40,345.00,291.00,1164.00,744.00,0.8713,1,-1,-1
4612,40,339.00,285.00,1113.00,750.00,0.8944,1,-1,-1
4613,40,327.00,285.00,1119.00,750.00,0.9021,1,-1,-1
4614,40,321.00,282.00,1125.00,750.00,0.8875,1,-1,-1
4615,40,324.00,279.00,1122.00,747.00,0.8870,1,-1,-1
4616,40,321.00,273.00,1128.00,753.00,0.8856,1,-1,-1
4618,40,669.00,264.00,822.00,690.00,0.8747,1,-1,-1
4619,40,672.00,243.00,819.00,708.00,0.8810,1,-1,-1
4620,40,678.00,252.00,822.00,699.00,0.8714,1,-1,-1
4621,40,684.00,270.00,822.00,672.00,0.8755,1,-1,-1
4622,40,690.00,279.00,819.00,654.00,0.8845,1,-1,-1
4623,40,696.00,261.00,816.00,675.00,0.8806,1,-1,-1
4624,40,702.00,255.00,813.00,681.00,0.8837,1,-1,-1
4625,40,708.00,261.00,819.00,678.00,0.8793,1,-1,-1
4626,40,717.00,255.00,813.00,687.00,0.8772,1,-1,-1
4627,40,729.00,243.00,804.00,699.00,0.8835,1,-1,-1
4628,40,738.00,255.00,801.00,681.00,0.8736,1,-1,-1
4629,40,741.00,264.00,804.00,678.00,0.8562,1,-1,-1
4630,40,744.00,261.00,807.00,675.00,0.8571,1,-1,-1
4631,40,747.00,261.00,804.00,681.00,0.8537,1,-1,-1
4632,40,747.00,246.00,807.00,696.00,0.8615,1,-1,-1
4633,40,750.00,246.00,807.00,699.00,0.8592,1,-1,-1
4634,40,756.00,240.00,801.00,702.00,0.8656,1,-1,-1
4635,40,756.00,237.00,804.00,702.00,0.8786,1,-1,-1
4636,40,756.00,237.00,807.00,699.00,0.8862,1,-1,-1
4637,40,759.00,234.00,804.00,699.00,0.8908,1,-1,-1
4638,40,759.00,234.00,804.00,696.00,0.8944,1,-1,-1
4639,40,762.00,234.00,804.00,693.00,0.8930,1,-1,-1
4640,40,762.00,234.00,807.00,693.00,0.8963,1,-1,-1
4641,40,765.00,234.00,804.00,693.00,0.8962,1,-1,-1
4642,40,765.00,234.00,807.00,699.00,0.8965,1,-1,-1
4643,40,768.00,237.00,801.00,690.00,0.8992,1,-1,-1
4644,40,768.00,234.00,801.00,696.00,0.9001,1,-1,-1
4645,40,762.00,234.00,804.00,699.00,0.8941,1,-1,-1
4646,40,759.00,231.00,801.00,702.00,0.8870,1,-1,-1
4647,40,756.00,231.00,801.00,705.00,0.8777,1,-1,-1
4648,40,744.00,234.00,807.00,699.00,0.8704,1,-1,-1
4649,40,735.00,231.00,807.00,702.00,0.8780,1,-1,-1
4650,40,729.00,231.00,804.00,702.00,0.8929,1,-1,-1
4653,40,684.00,246.00,813.00,690.00,0.8722,1,-1,-1
4654,40,696.00,228.00,789.00,708.00,0.8885,1,-1,-1
4655,40,681.00,231.00,774.00,702.00,0.8821,1,-1,-1
4656,40,648.00,234.00,792.00,702.00,0.8657,1,-1,-1
4657,40,654.00,237.00,774.00,702.00,0.8841,1,-1,-1
4658,40,609.00,243.00,810.00,696.00,0.8769,1,-1,-1
4659,40,618.00,237.00,789.00,696.00,0.8788,1,-1,-1
4660,40,615.00,225.00,789.00,714.00,0.8854,1,-1,-1
4661,40,597.00,222.00,804.00,729.00,0.8795,1,-1,-1
4662,40,612.00,222.00,789.00,720.00,0.8854,1,-1,-1
4663,40,609.00,219.00,795.00,720.00,0.8819,1,-1,-1
4664,40,609.00,219.00,795.00,714.00,0.8782,1,-1,-1
4665,40,609.00,216.00,795.00,720.00,0.8740,1,-1,-1
4666,40,609.00,213.00,792.00,729.00,0.8782,1,-1,-1
4667,40,612.00,213.00,789.00,720.00,0.8770,1,-1,-1
4668,40,615.00,213.00,786.00,723.00,0.8732,1,-1,-1
4669,40,618.00,207.00,780.00,723.00,0.8762,1,-1,-1
4670,40,615.00,207.00,783.00,714.00,0.8743,1,-1,-1
4671,40,612.00,207.00,783.00,708.00,0.8799,1,-1,-1
4672,40,612.00,204.00,780.00,720.00,0.8782,1,-1,-1
4673,40,612.00,204.00,780.00,717.00,0.8709,1,-1,-1
4674,40,609.00,201.00,780.00,723.00,0.8732,1,-1,-1
4675,40,609.00,207.00,777.00,717.00,0.8696,1,-1,-1
4676,40,612.00,207.00,771.00,711.00,0.8725,1,-1,-1
4677,40,615.00,207.00,768.00,708.00,0.8684,1,-1,-1
4678,40,618.00,216.00,762.00,696.00,0.8751,1,-1,-1
4679,40,615.00,213.00,762.00,708.00,0.8678,1,-1,-1
4680,40,615.00,210.00,756.00,708.00,0.8597,1,-1,-1
4681,40,618.00,210.00,753.00,705.00,0.8540,1,-1,-1
4682,40,612.00,219.00,753.00,693.00,0.8576,1,-1,-1
4683,40,636.00,222.00,729.00,690.00,0.8621,1,-1,-1
4684,40,666.00,219.00,699.00,690.00,0.8696,1,-1,-1
4685,40,669.00,219.00,693.00,687.00,0.8544,1,-1,-1
4686,40,648.00,216.00,708.00,687.00,0.8511,1,-1,-1
4687,40,624.00,219.00,729.00,684.00,0.8462,1,-1,-1
4688,40,606.00,219.00,744.00,681.00,0.8263,1,-1,-1
4689,40,600.00,219.00,747.00,693.00,0.8273,1,-1,-1
4690,40,606.00,219.00,735.00,690.00,0.8246,1,-1,-1
4691,40,639.00,222.00,702.00,681.00,0.8326,1,-1,-1
4692,40,651.00,222.00,684.00,681.00,0.8652,1,-1,-1
4693,40,642.00,228.00,687.00,681.00,0.8428,1,-1,-1
4694,40,666.00,231.00,654.00,681.00,0.8342,1,-1,-1
4697,40,618.00,297.00,669.00,693.00,0.5015,1,-1,-1
4698,40,600.00,324.00,669.00,693.00,0.6543,1,-1,-1
4699,40,582.00,339.00,669.00,684.00,0.7432,1,-1,-1
4701,40,555.00,369.00,663.00,672.00,0.7960,1,-1,-1
4702,40,537.00,369.00,663.00,675.00,0.7189,1,-1,-1
4705,40,519.00,381.00,636.00,666.00,0.8483,1,-1,-1
4706,40,510.00,369.00,639.00,681.00,0.8677,1,-1,-1
4708,41,768.00,315.00,708.00,537.00,0.8471,1,-1,-1
4709,41,768.00,336.00,705.00,519.00,0.8580,1,-1,-1
4710,41,768.00,327.00,705.00,528.00,0.8625,1,-1,-1
4711,41,777.00,333.00,696.00,522.00,0.8497,1,-1,-1
4712,41,774.00,342.00,702.00,516.00,0.8513,1,-1,-1
4713,41,780.00,342.00,696.00,522.00,0.8731,1,-1,-1
4715,41,756.00,345.00,720.00,519.00,0.8214,1,-1,-1
4716,41,762.00,348.00,711.00,513.00,0.8207,1,-1,-1
4717,41,780.00,345.00,690.00,519.00,0.8535,1,-1,-1
4718,41,771.00,351.00,696.00,516.00,0.8382,1,-1,-1
4719,41,768.00,354.00,696.00,516.00,0.8711,1,-1,-1
4720,41,759.00,348.00,702.00,519.00,0.8846,1,-1,-1
4721,41,759.00,351.00,699.00,513.00,0.8764,1,-1,-1
4722,41,756.00,357.00,702.00,510.00,0.8904,1,-1,-1
4723,41,762.00,372.00,690.00,507.00,0.8822,1,-1,-1
4724,41,771.00,387.00,678.00,501.00,0.8904,1,-1,-1
4725,41,768.00,387.00,678.00,504.00,0.8988,1,-1,-1
4726,41,768.00,387.00,675.00,510.00,0.8914,1,-1,-1
4727,41,768.00,387.00,678.00,513.00,0.8763,1,-1,-1
4728,41,765.00,390.00,678.00,516.00,0.8787,1,-1,-1
4729,41,762.00,384.00,681.00,516.00,0.8975,1,-1,-1
4730,41,759.00,375.00,675.00,519.00,0.9038,1,-1,-1
4731,41,759.00,372.00,675.00,525.00,0.8933,1,-1,-1
4732,41,762.00,378.00,672.00,519.00,0.9017,1,-1,-1
4733,41,762.00,384.00,672.00,513.00,0.8967,1,-1,-1
4734,41,768.00,372.00,669.00,513.00,0.8773,1,-1,-1
4737,41,792.00,312.00,648.00,537.00,0.8661,1,-1,-1
4738,41,795.00,312.00,648.00,534.00,0.8798,1,-1,-1
4739,41,801.00,321.00,648.00,513.00,0.8784,1,-1,-1
4740,41,813.00,315.00,645.00,519.00,0.8354,1,-1,-1
4741,41,816.00,321.00,645.00,501.00,0.8315,1,-1,-1
4742,41,825.00,339.00,645.00,474.00,0.8651,1,-1,-1
4746,41,855.00,351.00,642.00,450.00,0.7942,1,-1,-1
4751,41,885.00,363.00,639.00,429.00,0.6860,1,-1,-1
4755,41,1041.00,357.00,504.00,447.00,0.6488,1,-1,-1
4760,41,1077.00,339.00,522.00,465.00,0.4186,1,-1,-1
4766,41,1119.00,384.00,216.00,414.00,0.6152,1,-1,-1
4778,42,600.00,180.00,1035.00,900.00,0.8640,1,-1,-1
4779,42,597.00,183.00,1032.00,897.00,0.8474,1,-1,-1
4780,42,591.00,189.00,1035.00,891.00,0.8623,1,-1,-1
4781,42,588.00,186.00,1032.00,894.00,0.8798,1,-1,-1
4782,42,585.00,195.00,1032.00,885.00,0.8965,1,-1,-1
4783,42,585.00,195.00,1026.00,885.00,0.8256,1,-1,-1
4784,42,579.00,216.00,1020.00,864.00,0.8722,1,-1,-1
4785,42,570.00,240.00,1023.00,840.00,0.8707,1,-1,-1
4786,42,564.00,261.00,1026.00,819.00,0.8277,1,-1,-1
4787,42,561.00,267.00,1023.00,813.00,0.7984,1,-1,-1
4797,42,579.00,285.00,1011.00,795.00,0.8307,1,-1,-1
4798,42,576.00,273.00,1014.00,807.00,0.8450,1,-1,-1
4799,42,573.00,264.00,1017.00,816.00,0.8602,1,-1,-1
4800,42,573.00,258.00,1017.00,822.00,0.8781,1,-1,-1
4801,42,570.00,246.00,1014.00,834.00,0.8661,1,-1,-1
4802,42,570.00,234.00,1014.00,846.00,0.8538,1,-1,-1
4803,42,567.00,237.00,1017.00,843.00,0.8280,1,-1,-1
4812,42,555.00,123.00,1008.00,900.00,0.8069,1,-1,-1
4813,42,555.00,102.00,1011.00,894.00,0.6479,1,-1,-1
4815,42,558.00,33.00,1014.00,909.00,0.6693,1,-1,-1
4817,42,543.00,6.00,1014.00,906.00,0.7122,1,-1,-1
4823,42,540.00,3.00,1011.00,921.00,0.7735,1,-1,-1
4824,42,540.00,12.00,1011.00,918.00,0.8305,1,-1,-1
4829,42,543.00,102.00,1008.00,900.00,0.8107,1,-1,-1
4830,42,549.00,108.00,1008.00,903.00,0.7977,1,-1,-1
4831,42,552.00,111.00,1008.00,903.00,0.7813,1,-1,-1
4832,42,555.00,132.00,1011.00,894.00,0.8345,1,-1,-1
4833,42,561.00,147.00,1008.00,885.00,0.8374,1,-1,-1
4834,42,570.00,156.00,1011.00,885.00,0.8481,1,-1,-1
4835,42,579.00,159.00,1008.00,882.00,0.8743,1,-1,-1
4836,42,585.00,159.00,1011.00,885.00,0.8671,1,-1,-1
4837,42,594.00,159.00,1008.00,885.00,0.8562,1,-1,-1
4899,42,741.00,132.00,927.00,750.00,0.9057,1,-1,-1
4900,42,735.00,135.00,930.00,747.00,0.9058,1,-1,-1
4901,42,738.00,132.00,924.00,750.00,0.8998,1,-1,-1
4902,42,738.00,132.00,924.00,747.00,0.9022,1,-1,-1
4903,42,738.00,135.00,924.00,741.00,0.9030,1,-1,-1
4904,42,735.00,135.00,924.00,741.00,0.8959,1,-1,-1
4905,42,735.00,132.00,921.00,744.00,0.8947,1,-1,-1
4906,42,735.00,138.00,918.00,738.00,0.8792,1,-1,-1
4907,42,729.00,135.00,927.00,741.00,0.8645,1,-1,-1
4908,42,732.00,135.00,924.00,741.00,0.8865,1,-1,-1
4909,42,732.00,138.00,924.00,741.00,0.8826,1,-1,-1
4910,42,735.00,141.00,918.00,738.00,0.8913,1,-1,-1
4911,42,735.00,135.00,918.00,738.00,0.8781,1,-1,-1
4912,42,732.00,138.00,924.00,735.00,0.8815,1,-1,-1
4913,42,735.00,135.00,927.00,738.00,0.8871,1,-1,-1
4914,42,735.00,144.00,933.00,729.00,0.8822,1,-1,-1
4915,42,735.00,138.00,936.00,729.00,0.8894,1,-1,-1
4916,42,735.00,138.00,927.00,729.00,0.8948,1,-1,-1
4917,42,735.00,138.00,921.00,720.00,0.8931,1,-1,-1
4918,42,741.00,132.00,915.00,726.00,0.9013,1,-1,-1
4919,42,741.00,135.00,921.00,726.00,0.9000,1,-1,-1
4920,42,741.00,129.00,918.00,723.00,0.9022,1,-1,-1
4921,42,738.00,126.00,921.00,723.00,0.8974,1,-1,-1
4922,42,741.00,129.00,921.00,720.00,0.8925,1,-1,-1
4923,42,741.00,126.00,924.00,723.00,0.8967,1,-1,-1
4924,42,744.00,117.00,918.00,726.00,0.9096,1,-1,-1
4925,42,741.00,114.00,915.00,726.00,0.8889,1,-1,-1
4926,42,738.00,114.00,906.00,726.00,0.8779,1,-1,-1
4927,42,732.00,114.00,906.00,723.00,0.8724,1,-1,-1
4928,42,726.00,102.00,909.00,735.00,0.8874,1,-1,-1
4929,42,729.00,99.00,903.00,732.00,0.8879,1,-1,-1
4930,42,729.00,93.00,903.00,738.00,0.8852,1,-1,-1
4931,42,726.00,93.00,903.00,738.00,0.8832,1,-1,-1
5036,43,888.00,402.00,459.00,240.00,0.7804,1,-1,-1
5055,43,882.00,363.00,477.00,279.00,0.5006,1,-1,-1
5058,43,885.00,318.00,483.00,312.00,0.3628,1,-1,-1
5063,43,882.00,291.00,741.00,543.00,0.4892,1,-1,-1
5075,43,936.00,288.00,735.00,588.00,0.7278,1,-1,-1
5081,43,1026.00,276.00,714.00,576.00,0.7893,1,-1,-1
5088,43,1077.00,267.00,726.00,492.00,0.4008,1,-1,-1
5090,43,1092.00,237.00,729.00,564.00,0.4288,1,-1,-1
5094,43,1131.00,231.00,714.00,615.00,0.6892,1,-1,-1
5096,44,1137.00,264.00,441.00,297.00,0.4595,1,-1,-1
5099,45,861.00,-0.00,594.00,666.00,0.8196,1,-1,-1
5100,45,861.00,-0.00,612.00,666.00,0.8111,1,-1,-1
5101,45,861.00,-0.00,600.00,666.00,0.8196,1,-1,-1
5102,45,858.00,-0.00,576.00,666.00,0.8389,1,-1,-1
5103,45,858.00,-0.00,579.00,663.00,0.8385,1,-1,-1
5104,45,861.00,-0.00,585.00,663.00,0.8236,1,-1,-1
5105,45,858.00,-0.00,597.00,663.00,0.8184,1,-1,-1
5106,45,861.00,-0.00,573.00,663.00,0.8373,1,-1,-1
5107,45,858.00,-0.00,606.00,663.00,0.8242,1,-1,-1
5110,45,858.00,0.00,720.00,660.00,0.8345,1,-1,-1
5111,45,858.00,0.00,717.00,660.00,0.8303,1,-1,-1
5112,45,858.00,0.00,738.00,660.00,0.8498,1,-1,-1
5113,45,858.00,0.00,738.00,660.00,0.8564,1,-1,-1
5114,45,858.00,0.00,726.00,660.00,0.8299,1,-1,-1
5115,45,858.00,0.00,744.00,657.00,0.8714,1,-1,-1
5116,45,858.00,0.00,744.00,660.00,0.8705,1,-1,-1
5117,45,858.00,0.00,744.00,660.00,0.8650,1,-1,-1
5118,45,858.00,0.00,738.00,660.00,0.8402,1,-1,-1
5119,45,861.00,0.00,714.00,657.00,0.8220,1,-1,-1
5120,45,861.00,0.00,678.00,657.00,0.8130,1,-1,-1
5121,45,858.00,0.00,588.00,657.00,0.8214,1,-1,-1
5122,45,861.00,0.00,678.00,654.00,0.8180,1,-1,-1
5123,45,861.00,0.00,666.00,654.00,0.8129,1,-1,-1
5124,45,858.00,0.00,597.00,654.00,0.8096,1,-1,-1
5125,45,858.00,0.00,567.00,657.00,0.8267,1,-1,-1
5126,45,858.00,0.00,570.00,654.00,0.8232,1,-1,-1
5127,45,858.00,0.00,564.00,654.00,0.8208,1,-1,-1
5128,45,858.00,0.00,561.00,654.00,0.8179,1,-1,-1
5129,45,858.00,0.00,561.00,654.00,0.8210,1,-1,-1
5130,45,852.00,0.00,558.00,654.00,0.8544,1,-1,-1
5131,45,852.00,0.00,558.00,654.00,0.8839,1,-1,-1
5132,45,852.00,0.00,555.00,654.00,0.8869,1,-1,-1
5133,45,849.00,0.00,558.00,654.00,0.8876,1,-1,-1
5134,45,849.00,0.00,558.00,654.00,0.8931,1,-1,-1
5135,45,849.00,0.00,558.00,654.00,0.8941,1,-1,-1
5136,45,852.00,0.00,552.00,654.00,0.8950,1,-1,-1
5137,45,849.00,0.00,558.00,654.00,0.8949,1,-1,-1
5138,45,849.00,0.00,555.00,654.00,0.8999,1,-1,-1
5139,45,849.00,0.00,558.00,657.00,0.8980,1,-1,-1
5140,45,849.00,0.00,555.00,657.00,0.9079,1,-1,-1
5141,45,849.00,0.00,555.00,657.00,0.9093,1,-1,-1
5142,45,852.00,0.00,552.00,648.00,0.8462,1,-1,-1
5143,45,855.00,0.00,558.00,645.00,0.8276,1,-1,-1
5144,45,849.00,0.00,549.00,645.00,0.8923,1,-1,-1
5145,45,849.00,0.00,552.00,645.00,0.8695,1,-1,-1
5146,45,849.00,0.00,555.00,648.00,0.8397,1,-1,-1
5147,45,849.00,0.00,555.00,648.00,0.8391,1,-1,-1
5148,45,849.00,0.00,552.00,651.00,0.8652,1,-1,-1
5149,45,849.00,0.00,555.00,651.00,0.8902,1,-1,-1
5150,45,849.00,0.00,552.00,651.00,0.8872,1,-1,-1
5151,45,849.00,0.00,555.00,651.00,0.8790,1,-1,-1
5152,45,849.00,0.00,552.00,651.00,0.8639,1,-1,-1
5153,45,849.00,0.00,552.00,651.00,0.8659,1,-1,-1
5154,45,849.00,0.00,552.00,651.00,0.8916,1,-1,-1
5155,45,846.00,0.00,558.00,654.00,0.8564,1,-1,-1
5156,45,846.00,0.00,555.00,651.00,0.8901,1,-1,-1
5157,45,846.00,0.00,552.00,648.00,0.9019,1,-1,-1
5158,45,846.00,0.00,549.00,645.00,0.9039,1,-1,-1
5159,45,846.00,0.00,549.00,645.00,0.9034,1,-1,-1
5160,45,849.00,0.00,546.00,645.00,0.9043,1,-1,-1
5161,45,846.00,0.00,549.00,645.00,0.9049,1,-1,-1
5162,45,846.00,0.00,552.00,645.00,0.9055,1,-1,-1
5163,45,846.00,0.00,552.00,645.00,0.9013,1,-1,-1
5164,45,846.00,0.00,552.00,645.00,0.9031,1,-1,-1
5165,45,846.00,0.00,552.00,645.00,0.9045,1,-1,-1
5166,45,846.00,0.00,549.00,645.00,0.9028,1,-1,-1
5167,45,849.00,0.00,546.00,645.00,0.9098,1,-1,-1
5168,45,849.00,0.00,543.00,642.00,0.9164,1,-1,-1
5169,45,846.00,0.00,546.00,642.00,0.9167,1,-1,-1
5170,45,846.00,0.00,546.00,642.00,0.9160,1,-1,-1
5246,46,0.00,0.00,1857.00,1080.00,0.7162,1,-1,-1
5250,46,9.00,0.00,1839.00,1080.00,0.7787,1,-1,-1
5251,46,9.00,0.00,1833.00,1080.00,0.7774,1,-1,-1
5252,46,6.00,0.00,1836.00,1080.00,0.7741,1,-1,-1
5253,46,0.00,0.00,1857.00,1080.00,0.7587,1,-1,-1
5254,46,-0.00,0.00,1863.00,1080.00,0.7632,1,-1,-1
5255,46,0.00,0.00,1866.00,1080.00,0.7696,1,-1,-1
5256,46,0.00,0.00,1869.00,1080.00,0.7632,1,-1,-1
5263,46,0.00,0.00,1887.00,1080.00,0.7659,1,-1,-1
5272,47,1611.00,177.00,309.00,651.00,0.4880,1,-1,-1
5276,47,1494.00,120.00,426.00,714.00,0.5714,1,-1,-1
5278,47,1440.00,144.00,480.00,684.00,0.6396,1,-1,-1
5279,48,18.00,-0.00,1887.00,1068.00,0.7150,1,-1,-1
5281,49,1392.00,156.00,528.00,660.00,0.4514,1,-1,-1
5284,49,1542.00,207.00,375.00,597.00,0.4930,1,-1,-1
5287,49,1452.00,228.00,465.00,573.00,0.6622,1,-1,-1
5297,50,0.00,0.00,1506.00,1080.00,0.4976,1,-1,-1
5305,50,0.00,0.00,1908.00,1080.00,0.7326,1,-1,-1
5306,50,3.00,0.00,1905.00,1080.00,0.7727,1,-1,-1
5307,50,3.00,0.00,1899.00,1080.00,0.8225,1,-1,-1
5308,50,9.00,0.00,1896.00,1080.00,0.7905,1,-1,-1
5309,50,12.00,0.00,1899.00,1080.00,0.7600,1,-1,-1
5310,50,3.00,0.00,1917.00,1080.00,0.7642,1,-1,-1
5311,50,18.00,0.00,1875.00,1080.00,0.7812,1,-1,-1
5312,50,18.00,0.00,1869.00,1080.00,0.7944,1,-1,-1
5313,50,15.00,0.00,1902.00,1080.00,0.8114,1,-1,-1
5314,50,15.00,0.00,1902.00,1080.00,0.7959,1,-1,-1
5315,50,30.00,0.00,1887.00,1080.00,0.8495,1,-1,-1
5316,50,36.00,0.00,1878.00,1080.00,0.8621,1,-1,-1
5317,50,45.00,0.00,1863.00,1080.00,0.8553,1,-1,-1
5318,50,66.00,0.00,1842.00,1080.00,0.8683,1,-1,-1
5319,50,66.00,0.00,1839.00,1080.00,0.8452,1,-1,-1
5320,50,45.00,0.00,1854.00,1080.00,0.7957,1,-1,-1
5321,50,81.00,0.00,1818.00,1080.00,0.8383,1,-1,-1
5322,50,78.00,0.00,1830.00,1080.00,0.8605,1,-1,-1
5323,50,90.00,0.00,1818.00,1080.00,0.8661,1,-1,-1
5324,50,120.00,0.00,1791.00,1080.00,0.8703,1,-1,-1
5325,50,123.00,0.00,1788.00,1080.00,0.8712,1,-1,-1
5326,50,138.00,0.00,1773.00,1080.00,0.8583,1,-1,-1
5327,50,162.00,0.00,1743.00,1080.00,0.8170,1,-1,-1
5344,51,204.00,285.00,630.00,507.00,0.7919,1,-1,-1
5345,52,498.00,0.00,1422.00,1080.00,0.8128,1,-1,-1
5346,53,189.00,282.00,633.00,513.00,0.8550,1,-1,-1
5347,53,183.00,279.00,633.00,516.00,0.8229,1,-1,-1
5347,54,534.00,0.00,1386.00,1080.00,0.8284,1,-1,-1
5349,53,165.00,225.00,858.00,564.00,0.6641,1,-1,-1
5354,53,120.00,168.00,1068.00,627.00,0.8124,1,-1,-1
5354,55,714.00,0.00,1206.00,1080.00,0.7356,1,-1,-1
5355,53,120.00,168.00,1053.00,633.00,0.9189,1,-1,-1
5355,55,723.00,0.00,1197.00,1080.00,0.7413,1,-1,-1
5356,53,117.00,165.00,1050.00,636.00,0.9444,1,-1,-1
5357,53,117.00,165.00,1050.00,636.00,0.9315,1,-1,-1
5358,53,114.00,168.00,1053.00,633.00,0.9349,1,-1,-1
5359,53,108.00,168.00,1059.00,636.00,0.9404,1,-1,-1
5360,53,105.00,168.00,1059.00,639.00,0.9291,1,-1,-1
5361,53,96.00,168.00,1059.00,642.00,0.9071,1,-1,-1
5362,56,894.00,0.00,1026.00,1080.00,0.7482,1,-1,-1
5363,57,87.00,165.00,1059.00,651.00,0.8940,1,-1,-1
5364,57,81.00,165.00,1059.00,651.00,0.9093,1,-1,-1
5364,58,936.00,0.00,981.00,1080.00,0.6030,1,-1,-1
5365,57,81.00,165.00,1059.00,654.00,0.9164,1,-1,-1
5366,57,75.00,168.00,1062.00,651.00,0.9293,1,-1,-1
5367,57,69.00,171.00,1062.00,648.00,0.9350,1,-1,-1
5368,57,66.00,168.00,1062.00,651.00,0.9295,1,-1,-1
5369,59,1053.00,0.00,864.00,1080.00,0.5675,1,-1,-1
5370,60,51.00,177.00,1071.00,642.00,0.9362,1,-1,-1
5371,60,42.00,180.00,1077.00,642.00,0.9396,1,-1,-1
5371,61,1083.00,0.00,837.00,1080.00,0.5680,1,-1,-1
5372,60,33.00,180.00,1083.00,642.00,0.9404,1,-1,-1
5373,60,30.00,177.00,1086.00,648.00,0.9356,1,-1,-1
5374,60,21.00,180.00,1095.00,642.00,0.9367,1,-1,-1
5375,60,18.00,177.00,1092.00,648.00,0.9364,1,-1,-1
5376,62,1203.00,0.00,717.00,1080.00,0.5291,1,-1,-1
5377,62,1224.00,0.00,693.00,1080.00,0.5269,1,-1,-1
5377,63,0.00,171.00,1095.00,654.00,0.9456,1,-1,-1
5378,63,0.00,168.00,1092.00,660.00,0.9384,1,-1,-1
5379,63,0.00,162.00,1092.00,663.00,0.9353,1,-1,-1
5380,63,0.00,159.00,1080.00,666.00,0.9258,1,-1,-1
5381,64,1320.00,39.00,600.00,1041.00,0.3596,1,-1,-1
5382,65,0.00,144.00,1065.00,681.00,0.9100,1,-1,-1
5383,65,-0.00,135.00,1062.00,690.00,0.9121,1,-1,-1
5384,66,1413.00,201.00,507.00,879.00,0.4104,1,-1,-1
5385,67,0.00,123.00,1050.00,699.00,0.9166,1,-1,-1
5386,67,0.00,123.00,1047.00,702.00,0.9103,1,-1,-1
5387,68,1485.00,192.00,435.00,888.00,0.4493,1,-1,-1
5388,69,0.00,120.00,1035.00,705.00,0.9036,1,-1,-1
5389,69,0.00,117.00,1029.00,711.00,0.9091,1,-1,-1
5390,70,1572.00,258.00,348.00,822.00,0.4336,1,-1,-1
5391,71,0.00,114.00,1017.00,714.00,0.9203,1,-1,-1
5392,71,-0.00,108.00,1011.00,720.00,0.9118,1,-1,-1
5393,71,0.00,105.00,1008.00,726.00,0.9042,1,-1,-1
5394,71,-0.00,108.00,1002.00,723.00,0.9052,1,-1,-1
5395,71,0.00,102.00,996.00,729.00,0.9072,1,-1,-1
5396,71,0.00,99.00,993.00,735.00,0.8982,1,-1,-1
5397,71,0.00,96.00,984.00,741.00,0.9007,1,-1,-1
5398,72,1497.00,330.00,423.00,486.00,0.8144,1,-1,-1
5399,73,0.00,93.00,975.00,744.00,0.8961,1,-1,-1
5400,74,1485.00,354.00,435.00,468.00,0.7032,1,-1,-1
5401,75,0.00,90.00,969.00,747.00,0.8917,1,-1,-1
5402,75,-0.00,87.00,963.00,753.00,0.8933,1,-1,-1
5403,75,0.00,87.00,960.00,753.00,0.8932,1,-1,-1
5404,75,0.00,87.00,954.00,756.00,0.8972,1,-1,-1
5405,75,0.00,90.00,948.00,750.00,0.8959,1,-1,-1
5406,75,0.00,90.00,945.00,753.00,0.8984,1,-1,-1
5407,76,1425.00,375.00,495.00,444.00,0.8528,1,-1,-1
5408,76,1416.00,375.00,504.00,444.00,0.8461,1,-1,-1
5408,77,0.00,93.00,933.00,750.00,0.9011,1,-1,-1
5409,76,1407.00,393.00,513.00,423.00,0.8752,1,-1,-1
5409,77,0.00,93.00,930.00,753.00,0.9123,1,-1,-1
5410,76,1398.00,369.00,522.00,453.00,0.9165,1,-1,-1
5410,77,0.00,96.00,930.00,750.00,0.9150,1,-1,-1
5411,76,1389.00,384.00,528.00,435.00,0.9178,1,-1,-1
5411,77,0.00,96.00,927.00,750.00,0.9123,1,-1,-1
5412,76,1380.00,372.00,540.00,447.00,0.9233,1,-1,-1
5412,77,0.00,99.00,924.00,747.00,0.9168,1,-1,-1
5413,76,1365.00,363.00,555.00,459.00,0.8939,1,-1,-1
5413,77,0.00,99.00,924.00,747.00,0.9135,1,-1,-1
5414,76,1359.00,357.00,561.00,465.00,0.8855,1,-1,-1
5414,77,0.00,102.00,921.00,744.00,0.9151,1,-1,-1
5415,76,1347.00,366.00,573.00,453.00,0.8712,1,-1,-1
5416,76,1338.00,372.00,582.00,447.00,0.8781,1,-1,-1
5416,78,0.00,96.00,915.00,750.00,0.9106,1,-1,-1
5417,76,1332.00,369.00,588.00,450.00,0.8808,1,-1,-1
5417,78,0.00,90.00,909.00,756.00,0.9105,1,-1,-1
5418,78,-0.00,87.00,906.00,762.00,0.9101,1,-1,-1
5419,78,0.00,84.00,900.00,768.00,0.9089,1,-1,-1
5419,79,1287.00,363.00,633.00,459.00,0.8755,1,-1,-1
5420,78,0.00,84.00,900.00,771.00,0.9105,1,-1,-1
5420,79,1290.00,357.00,630.00,456.00,0.8494,1,-1,-1
5421,78,0.00,84.00,897.00,774.00,0.8908,1,-1,-1
5421,79,1281.00,363.00,639.00,453.00,0.8511,1,-1,-1
5422,78,0.00,84.00,897.00,771.00,0.8931,1,-1,-1
5422,79,1278.00,339.00,642.00,477.00,0.8810,1,-1,-1
5423,79,1263.00,336.00,657.00,483.00,0.8678,1,-1,-1
5424,79,1251.00,336.00,669.00,480.00,0.8686,1,-1,-1
5424,80,0.00,87.00,897.00,774.00,0.8711,1,-1,-1
5425,79,1236.00,339.00,684.00,477.00,0.8588,1,-1,-1
5425,80,0.00,96.00,897.00,768.00,0.8611,1,-1,-1
5426,80,0.00,99.00,900.00,762.00,0.8479,1,-1,-1
5427,80,-0.00,99.00,903.00,762.00,0.8398,1,-1,-1
5427,81,1188.00,327.00,732.00,486.00,0.8689,1,-1,-1
5428,80,-0.00,99.00,903.00,762.00,0.8284,1,-1,-1
5428,81,1185.00,333.00,735.00,480.00,0.8535,1,-1,-1
5429,80,-0.00,96.00,903.00,765.00,0.8318,1,-1,-1
5429,81,1191.00,330.00,729.00,486.00,0.8727,1,-1,-1
5430,80,-0.00,93.00,903.00,768.00,0.8464,1,-1,-1
5430,81,1191.00,321.00,729.00,495.00,0.8843,1,-1,-1
5431,80,-0.00,84.00,903.00,780.00,0.8467,1,-1,-1
5431,81,1194.00,327.00,723.00,489.00,0.8845,1,-1,-1
5432,80,-0.00,84.00,903.00,780.00,0.8635,1,-1,-1
5432,81,1188.00,354.00,732.00,459.00,0.9013,1,-1,-1
5433,81,1176.00,348.00,744.00,465.00,0.9122,1,-1,-1
5434,81,1167.00,339.00,753.00,474.00,0.9110,1,-1,-1
5434,82,-0.00,84.00,903.00,783.00,0.8558,1,-1,-1
5435,81,1152.00,342.00,768.00,474.00,0.8889,1,-1,-1
5435,82,-0.00,81.00,906.00,786.00,0.8578,1,-1,-1
5436,82,-0.00,81.00,906.00,786.00,0.8708,1,-1,-1
5437,82,-0.00,78.00,906.00,789.00,0.8775,1,-1,-1
5437,83,1134.00,339.00,786.00,471.00,0.9187,1,-1,-1
5438,82,-0.00,69.00,906.00,801.00,0.8684,1,-1,-1
5438,83,1134.00,342.00,786.00,471.00,0.9133,1,-1,-1
5439,82,-0.00,60.00,906.00,810.00,0.8819,1,-1,-1
5439,83,1125.00,354.00,795.00,453.00,0.9138,1,-1,-1
5440,82,0.00,54.00,909.00,816.00,0.8564,1,-1,-1
5440,83,1116.00,348.00,804.00,459.00,0.9150,1,-1,-1
5441,82,0.00,48.00,909.00,816.00,0.8514,1,-1,-1
5441,83,1107.00,354.00,810.00,453.00,0.9108,1,-1,-1
5442,82,3.00,45.00,906.00,813.00,0.8573,1,-1,-1
5442,83,1101.00,360.00,816.00,447.00,0.8929,1,-1,-1
5443,82,3.00,39.00,906.00,819.00,0.8527,1,-1,-1
5444,82,3.00,36.00,909.00,825.00,0.8545,1,-1,-1
5444,84,1086.00,354.00,828.00,453.00,0.8563,1,-1,-1
5445,82,3.00,33.00,909.00,828.00,0.8361,1,-1,-1
5446,82,3.00,24.00,915.00,831.00,0.8440,1,-1,-1
5447,82,3.00,24.00,918.00,828.00,0.8364,1,-1,-1
5447,85,1074.00,342.00,843.00,465.00,0.8484,1,-1,-1
5448,85,1068.00,345.00,849.00,459.00,0.8470,1,-1,-1
5449,85,1056.00,333.00,849.00,471.00,0.8027,1,-1,-1
5449,86,3.00,18.00,921.00,837.00,0.8348,1,-1,-1
5450,85,1059.00,327.00,852.00,477.00,0.7887,1,-1,-1
5450,86,3.00,18.00,924.00,837.00,0.8283,1,-1,-1
5451,86,3.00,18.00,927.00,834.00,0.8271,1,-1,-1
5452,86,3.00,15.00,930.00,837.00,0.8346,1,-1,-1
5453,86,3.00,9.00,936.00,846.00,0.8079,1,-1,-1
5454,86,0.00,9.00,945.00,843.00,0.8125,1,-1,-1
5456,87,1044.00,318.00,720.00,483.00,0.6751,1,-1,-1
5457,88,6.00,3.00,960.00,855.00,0.7676,1,-1,-1
5458,88,6.00,0.00,963.00,861.00,0.7801,1,-1,-1
5459,88,3.00,0.00,975.00,861.00,0.8020,1,-1,-1
5460,88,3.00,3.00,981.00,861.00,0.8355,1,-1,-1
5461,88,3.00,3.00,987.00,864.00,0.8478,1,-1,-1
5462,88,0.00,3.00,996.00,864.00,0.8584,1,-1,-1
5463,88,-0.00,0.00,1002.00,876.00,0.8623,1,-1,-1
5464,88,-0.00,-0.00,1011.00,879.00,0.8571,1,-1,-1
5465,89,1035.00,288.00,879.00,507.00,0.7177,1,-1,-1
5466,90,-0.00,0.00,1023.00,876.00,0.8678,1,-1,-1
5467,90,0.00,-0.00,1032.00,882.00,0.8647,1,-1,-1
5468,91,1038.00,276.00,729.00,519.00,0.5973,1,-1,-1
5469,92,0.00,-0.00,1050.00,882.00,0.9032,1,-1,-1
5470,92,0.00,-0.00,1056.00,882.00,0.9021,1,-1,-1
5471,92,-0.00,0.00,1062.00,885.00,0.9004,1,-1,-1
5471,93,1038.00,267.00,879.00,537.00,0.6510,1,-1,-1
5472,92,0.00,0.00,1068.00,885.00,0.9012,1,-1,-1
5473,92,-0.00,0.00,1074.00,891.00,0.8836,1,-1,-1
5474,92,0.00,0.00,1077.00,891.00,0.8776,1,-1,-1
5475,92,-0.00,0.00,1083.00,894.00,0.8683,1,-1,-1
5476,92,0.00,0.00,1089.00,897.00,0.8388,1,-1,-1
5477,92,0.00,-0.00,1095.00,906.00,0.8194,1,-1,-1
5478,92,0.00,-0.00,1098.00,909.00,0.8150,1,-1,-1
5479,92,0.00,-0.00,1101.00,909.00,0.7951,1,-1,-1
5480,92,-0.00,-0.00,1110.00,909.00,0.8123,1,-1,-1
5481,94,972.00,258.00,846.00,534.00,0.5898,1,-1,-1
5482,95,0.00,0.00,1119.00,915.00,0.8094,1,-1,-1
5483,95,-0.00,3.00,1122.00,912.00,0.8263,1,-1,-1
5484,95,0.00,6.00,1128.00,909.00,0.8144,1,-1,-1
5485,95,-0.00,6.00,1131.00,912.00,0.7761,1,-1,-1
5488,96,903.00,255.00,855.00,531.00,0.7078,1,-1,-1
5490,96,885.00,261.00,684.00,537.00,0.4506,1,-1,-1
5509,97,0.00,0.00,1218.00,939.00,0.5385,1,-1,-1
